Information and diagnostics 
=========================== 
Total iter:                       5000 
Thin:                             1 
Num chains:                       3 
Max Rhat:                         1.04 
Min n.eff:                        0 


Model summary 
============= 
                    mean          sd        2.5%         50%       97.5%
B.veg[1]    -0.242244034 0.487012351 -1.19450611 -0.25353398  0.75728282
B.veg[2]    -0.073840717 0.422744833 -0.90490573 -0.07906264  0.78761657
B.veg[3]     0.109699407 0.420915048 -0.67819746  0.10073402  0.92717832
B.veg[4]    -0.045005293 0.419582932 -0.80480359 -0.06439981  0.85190842
B.veg[5]    -0.327731851 0.344350708 -1.00871626 -0.32623919  0.32404178
mean.M       0.041656042 0.004850027  0.03279126  0.04135139  0.05180585
mean.Pi[1]   0.799602295 0.121333690  0.51538971  0.82045058  0.97139144
mean.Pi[2]   0.955383420 0.030805781  0.87712007  0.96275675  0.99440336
mean.Pi[3]   0.960897596 0.026703299  0.89520274  0.96674503  0.99529896
mean.Pi[4]   0.972348321 0.019044560  0.92545834  0.97661388  0.99677531
mean.Pi[5]   0.965943089 0.019371387  0.91853620  0.96971103  0.99282124
mean.Pi[6]   0.978655827 0.014852697  0.94155590  0.98186200  0.99742448
mean.Pi[7]   0.975240257 0.017490285  0.93166957  0.97896009  0.99672887
mean.Pi[8]   0.977614056 0.015529344  0.93819605  0.98089923  0.99722483
mean.Pi[9]   0.972376503 0.019426926  0.92304643  0.97720990  0.99667792
mean.Pi[10]  0.974967474 0.017075497  0.93273792  0.97889630  0.99652084
mean.Pi[11]  0.977984878 0.015133792  0.94024552  0.98138701  0.99732721
mean.Pi[12]  0.980941925 0.013654368  0.94693596  0.98398381  0.99766171
mean.Pi[13]  0.980378110 0.013513246  0.94538751  0.98336570  0.99758505
mean.Pi[14]  0.976490624 0.015975316  0.93607628  0.97972568  0.99721762
mean.Pi[15]  0.979405366 0.014565129  0.94232743  0.98291610  0.99757355
mean.Pi[16]  0.972610251 0.015650602  0.93402363  0.97554669  0.99459243
mean.Pi[17]  0.953420354 0.023151740  0.90118974  0.95547663  0.99100175
mean.Po[1]   0.500597108 0.166140145  0.18832507  0.49986509  0.81644189
mean.Po[2]   0.497821295 0.167457938  0.18416784  0.49401371  0.81424594
mean.Po[3]   0.395373962 0.132148767  0.15643312  0.38724253  0.66727471
mean.Po[4]   0.315791904 0.112591857  0.12612962  0.30937846  0.55722234
mean.Po[5]   0.291556083 0.108386935  0.11003773  0.28177851  0.52102117
mean.Po[6]   0.251028897 0.094138869  0.09389722  0.24260287  0.45159896
mean.Po[7]   0.173525110 0.076897431  0.05129286  0.16380456  0.34634602
mean.Po[8]   0.198992818 0.077998045  0.07191402  0.19098937  0.37187009
mean.Po[9]   0.170162784 0.068667324  0.05827550  0.16419068  0.31989906
mean.Po[10]  0.193697869 0.065100030  0.08438746  0.18799310  0.33708059
mean.Po[11]  0.159804861 0.059632216  0.06295997  0.15291229  0.29207991
mean.Po[12]  0.172795602 0.057566273  0.07545197  0.16876455  0.30223945
mean.Po[13]  0.083863956 0.040266954  0.02349313  0.07812666  0.17856367
mean.Po[14]  0.064641484 0.030865682  0.01842641  0.05949458  0.13510963
mean.Po[15]  0.060851950 0.028787779  0.01749925  0.05670856  0.12592700
mean.Po[16]  0.055247646 0.026301604  0.01632757  0.05121529  0.11682745
mean.Po[17]  0.066120189 0.028552262  0.02218784  0.06256172  0.13141430
mean.R       0.233858892 0.036895204  0.16556802  0.23238886  0.30976336
mean.rO[1]   0.499201820 0.166121498  0.18926528  0.49873720  0.81241864
mean.rO[2]   0.500311834 0.169620720  0.17496964  0.50454972  0.82290209
mean.rO[3]   0.716791942 0.114771693  0.47065082  0.72939219  0.90990781
mean.rO[4]   0.734784741 0.110063537  0.48808306  0.74612166  0.91422159
mean.rO[5]   0.752367390 0.103927470  0.52366695  0.76353590  0.92008996
mean.rO[6]   0.636029304 0.139271368  0.34246796  0.64427942  0.87720218
mean.rO[7]   0.840242944 0.071236605  0.67854473  0.84895611  0.95425854
mean.rO[8]   0.637591377 0.138762088  0.34912019  0.64297821  0.87560529
mean.rO[9]   0.791678533 0.089500785  0.59297927  0.80201251  0.93585723
mean.rO[10]  0.801409502 0.088494566  0.59994133  0.81211620  0.94280210
mean.rO[11]  0.663768966 0.131386126  0.38556513  0.67048099  0.88768223
mean.rO[12]  0.638230915 0.137914573  0.35331855  0.64718705  0.88140362
mean.rO[13]  0.753450406 0.104161175  0.52258100  0.76596433  0.91955605
mean.rO[14]  0.502877510 0.166950701  0.18424698  0.50108880  0.81987367
mean.rO[15]  0.779740586 0.095342758  0.56597977  0.79093737  0.93082235
mean.rO[16]  0.599519440 0.145577417  0.31088331  0.60492929  0.86073735
mean.rO[17]  0.346724281 0.155212453  0.09831675  0.32820623  0.69043036
mean.rR[1]   0.498256954 0.165991464  0.18462561  0.49786189  0.81144872
mean.rR[2]   0.555083916 0.159635185  0.24069862  0.55744036  0.84580962
mean.rR[3]   0.498976079 0.164734163  0.18692037  0.50524767  0.80943766
mean.rR[4]   0.552977763 0.157676713  0.24544062  0.55827020  0.85006322
mean.rR[5]   0.557161896 0.157279345  0.24133550  0.56107387  0.84399277
mean.rR[6]   0.637579366 0.138845041  0.35266794  0.64551739  0.88248814
mean.rR[7]   0.551550501 0.156343382  0.23673290  0.55723918  0.83650954
mean.rR[8]   0.555439042 0.157979266  0.24177973  0.56068516  0.84552819
mean.rR[9]   0.714306515 0.118262039  0.46290681  0.72726973  0.90904083
mean.rR[10]  0.688656079 0.125661556  0.41572344  0.69832223  0.89860176
mean.rR[11]  0.637632318 0.137646385  0.34742352  0.64509647  0.87779935
mean.rR[12]  0.558309289 0.155588052  0.25779405  0.55599453  0.84515251
mean.rR[13]  0.505528573 0.166852552  0.18534901  0.50620505  0.81264130
mean.rR[14]  0.666032921 0.128998804  0.38775511  0.67643168  0.88412327
mean.rR[15]  0.597318730 0.147021443  0.29872471  0.60085810  0.86457966
mean.rR[16]  0.555110383 0.154365924  0.25145562  0.56239166  0.83972764
mean.rR[17]  0.444564462 0.168170191  0.13944652  0.43919850  0.77694341
mu.juv       0.968340091 0.017058575  0.92542456  0.97219577  0.99081757
mu.pre       0.936935988 0.023493657  0.88098559  0.94030583  0.97257116
mu.pri       0.973617988 0.010820593  0.94805442  0.97540890  0.98941956
mu.sen       0.791793924 0.051953406  0.67562878  0.79624491  0.87918586
mu.sub       0.970768656 0.012472158  0.93983624  0.97281493  0.98900312
sigma.phi    1.170063387 0.217391449  0.79100492  1.15396039  1.63396862
veg[1]      -0.198822957 0.958108738 -2.04282019 -0.19724978  1.73367539
veg[2]       1.786000000 0.000000000  1.78600000  1.78600000  1.78600000
veg[3]       2.190000000 0.000000000  2.19000000  2.19000000  2.19000000
veg[4]       1.651000000 0.000000000  1.65100000  1.65100000  1.65100000
veg[5]      -0.549000000 0.000000000 -0.54900000 -0.54900000 -0.54900000
veg[6]      -0.447000000 0.000000000 -0.44700000 -0.44700000 -0.44700000
veg[7]      -0.953000000 0.000000000 -0.95300000 -0.95300000 -0.95300000
veg[8]      -0.518000000 0.000000000 -0.51800000 -0.51800000 -0.51800000
veg[9]      -0.537000000 0.000000000 -0.53700000 -0.53700000 -0.53700000
veg[10]     -0.664000000 0.000000000 -0.66400000 -0.66400000 -0.66400000
veg[11]     -0.509000000 0.000000000 -0.50900000 -0.50900000 -0.50900000
veg[12]     -0.377000000 0.000000000 -0.37700000 -0.37700000 -0.37700000
veg[13]      0.075000000 0.000000000  0.07500000  0.07500000  0.07500000
veg[14]     -0.243000000 0.000000000 -0.24300000 -0.24300000 -0.24300000
veg[15]     -0.510000000 0.000000000 -0.51000000 -0.51000000 -0.51000000
veg[16]     -0.394000000 0.000000000 -0.39400000 -0.39400000 -0.39400000
veg[17]     -0.008224378 0.999838774 -1.95190570 -0.01537368  1.98873100
            Rhat n.eff
B.veg[1]    1.01  1748
B.veg[2]    1.00   993
B.veg[3]    1.01   892
B.veg[4]    1.00   845
B.veg[5]    1.01   417
mean.M      1.00  3101
mean.Pi[1]  1.00 16266
mean.Pi[2]  1.00  2252
mean.Pi[3]  1.00  2054
mean.Pi[4]  1.00  2080
mean.Pi[5]  1.00  2652
mean.Pi[6]  1.00  2145
mean.Pi[7]  1.01  1870
mean.Pi[8]  1.01  2112
mean.Pi[9]  1.00  2075
mean.Pi[10] 1.00  2165
mean.Pi[11] 1.00  2199
mean.Pi[12] 1.01  1924
mean.Pi[13] 1.00  2173
mean.Pi[14] 1.00  2025
mean.Pi[15] 1.00  1982
mean.Pi[16] 1.00  2198
mean.Pi[17] 1.00  1374
mean.Po[1]  1.00 15242
mean.Po[2]  1.00  3612
mean.Po[3]  1.00  3536
mean.Po[4]  1.00  3502
mean.Po[5]  1.00  3241
mean.Po[6]  1.00  3202
mean.Po[7]  1.00  3239
mean.Po[8]  1.00  3406
mean.Po[9]  1.00  3142
mean.Po[10] 1.00  3243
mean.Po[11] 1.00  3051
mean.Po[12] 1.00  3250
mean.Po[13] 1.00  2850
mean.Po[14] 1.00  2925
mean.Po[15] 1.00  2885
mean.Po[16] 1.00  2909
mean.Po[17] 1.01  2835
mean.R      1.00  3291
mean.rO[1]  1.00 15041
mean.rO[2]  1.00  3567
mean.rO[3]  1.00  3544
mean.rO[4]  1.00  3144
mean.rO[5]  1.00  3223
mean.rO[6]  1.00  3460
mean.rO[7]  1.00  3121
mean.rO[8]  1.00  3392
mean.rO[9]  1.00  3049
mean.rO[10] 1.00  2931
mean.rO[11] 1.00  3312
mean.rO[12] 1.00  3417
mean.rO[13] 1.00  3170
mean.rO[14] 1.00  3449
mean.rO[15] 1.01  2897
mean.rO[16] 1.00  3497
mean.rO[17] 1.00  1899
mean.rR[1]  1.00 15071
mean.rR[2]  1.00  3488
mean.rR[3]  1.00  3586
mean.rR[4]  1.00  3515
mean.rR[5]  1.00  3604
mean.rR[6]  1.01  3393
mean.rR[7]  1.00  3410
mean.rR[8]  1.00  3601
mean.rR[9]  1.00  3092
mean.rR[10] 1.00  3215
mean.rR[11] 1.00  3333
mean.rR[12] 1.00  3400
mean.rR[13] 1.01  3413
mean.rR[14] 1.00  3224
mean.rR[15] 1.00  3440
mean.rR[16] 1.00  3531
mean.rR[17] 1.00  2960
mu.juv      1.01  1344
mu.pre      1.01   495
mu.pri      1.01   654
mu.sen      1.01   398
mu.sub      1.01   916
sigma.phi   1.04   315
veg[1]      1.00  2406
veg[2]       NaN     0
veg[3]       NaN     0
veg[4]       NaN     0
veg[5]       NaN     0
veg[6]       NaN     0
veg[7]       NaN     0
veg[8]       NaN     0
veg[9]       NaN     0
veg[10]      NaN     0
veg[11]      NaN     0
veg[12]      NaN     0
veg[13]      NaN     0
veg[14]      NaN     0
veg[15]      NaN     0
veg[16]      NaN     0
veg[17]     1.00 15740
