Information and diagnostics 
=========================== 
Total iter:                       5000 
Thin:                             1 
Num chains:                       3 
Max Rhat:                         1.04 
Min n.eff:                        0 


Model summary 
============= 
                   mean          sd        2.5%         50%       97.5% Rhat n.eff
B.veg[1]     0.33747943 0.358599519 -0.35217197  0.33205391  1.05441954 1.00  2910
B.veg[2]     0.65749043 0.324433783  0.02411189  0.65540372  1.30618797 1.00  2356
B.veg[3]     0.01525979 0.249028209 -0.46529096  0.01434001  0.51566513 1.00  2393
B.veg[4]     0.15213171 0.255508191 -0.33537716  0.15054852  0.66214405 1.00  2291
B.veg[5]     0.13654318 0.180091721 -0.20788847  0.13716547  0.51144315 1.00  1275
mean.M       0.09104099 0.008030681  0.07583359  0.09093485  0.10738141 1.00  1002
mean.Pi[1]   0.79935792 0.120219062  0.51944514  0.81876505  0.97149300 1.00 15000
mean.Pi[2]   0.74201549 0.080451659  0.57306171  0.74902811  0.88109537 1.00  3282
mean.Pi[3]   0.59261846 0.076734450  0.43884528  0.59167516  0.73771346 1.00  3088
mean.Pi[4]   0.60887572 0.068624831  0.47342167  0.60893011  0.73864057 1.00  2768
mean.Pi[5]   0.71578391 0.062671062  0.58636406  0.71798246  0.83184537 1.01  2514
mean.Pi[6]   0.52553874 0.064316464  0.39962727  0.52694052  0.64906177 1.00  2905
mean.Pi[7]   0.50581813 0.062619407  0.38311216  0.50539267  0.62916672 1.00  2590
mean.Pi[8]   0.62306928 0.060110477  0.50197962  0.62408936  0.73891483 1.00  2387
mean.Pi[9]   0.73381160 0.051073948  0.62894209  0.73465876  0.82778864 1.01  2668
mean.Pi[10]  0.62985259 0.054460245  0.52275684  0.63159243  0.73222161 1.00  2760
mean.Pi[11]  0.67112951 0.051118788  0.56955886  0.67173735  0.76870272 1.00  2706
mean.Pi[12]  0.70997784 0.047483839  0.61409386  0.71181852  0.80044721 1.00  2665
mean.Pi[13]  0.53136479 0.052353256  0.42979749  0.53116694  0.63278239 1.00  3148
mean.Pi[14]  0.55653487 0.053922432  0.45000959  0.55678365  0.65948640 1.00  2935
mean.Pi[15]  0.59892322 0.051766143  0.49570993  0.59952347  0.70000317 1.00  2740
mean.Pi[16]  0.68555393 0.053604800  0.57788811  0.68590781  0.78731818 1.00  2107
mean.Pi[17]  0.59958682 0.055860324  0.48834500  0.60027644  0.70783674 1.00  2238
mean.Pi[18]  0.53060411 0.057447504  0.41912298  0.53178370  0.64284566 1.00  1785
mean.Pi[19]  0.36913016 0.048695488  0.27991669  0.36829903  0.46874928 1.00  2442
mean.Pi[20]  0.52659703 0.055767780  0.42045052  0.52488342  0.64131340 1.00  1778
mean.Po[1]   0.49843746 0.166002943  0.18444023  0.49829073  0.81439113 1.00 14791
mean.Po[2]   0.48266815 0.166094827  0.17382414  0.48229872  0.80922017 1.00  3223
mean.Po[3]   0.42743454 0.147514996  0.16747063  0.41918684  0.73394655 1.00  2672
mean.Po[4]   0.24214899 0.105627003  0.07344981  0.22937934  0.47969781 1.00  2818
mean.Po[5]   0.22472092 0.090514424  0.07946979  0.21307156  0.43227551 1.00  2648
mean.Po[6]   0.16518412 0.068593329  0.05526404  0.15759214  0.31968176 1.00  3015
mean.Po[7]   0.12178716 0.050872739  0.04114207  0.11646264  0.23806922 1.00  2953
mean.Po[8]   0.13496637 0.047201827  0.05675228  0.13082258  0.23816755 1.00  3160
mean.Po[9]   0.10553376 0.040726986  0.04109028  0.10093206  0.19686985 1.00  3235
mean.Po[10]  0.09697892 0.037866104  0.03593694  0.09244402  0.17974913 1.00  3028
mean.Po[11]  0.14446024 0.042776120  0.07174786  0.14105536  0.23874950 1.00  3189
mean.Po[12]  0.10052402 0.034296430  0.04439963  0.09711170  0.17893854 1.00  2916
mean.Po[13]  0.10633013 0.031631384  0.05240940  0.10366737  0.17528281 1.00  3437
mean.Po[14]  0.13979946 0.034043707  0.07970228  0.13696406  0.21336865 1.00  3223
mean.Po[15]  0.09487850 0.027790433  0.04865192  0.09250720  0.15795641 1.00  2834
mean.Po[16]  0.08669190 0.024744731  0.04457324  0.08441306  0.14245169 1.00  3181
mean.Po[17]  0.08114101 0.023082921  0.04207360  0.07908817  0.13142189 1.01  3349
mean.Po[18]  0.08485933 0.023719442  0.04504665  0.08297054  0.13636713 1.00  3015
mean.Po[19]  0.03419490 0.015194082  0.01080798  0.03211341  0.07027681 1.00  2766
mean.Po[20]  0.04951559 0.018713209  0.02000923  0.04687157  0.09301104 1.01  2949
mean.R       0.05113999 0.019242435  0.02076960  0.04865209  0.09546050 1.00  2864
mean.rO[1]   0.50047314 0.167523507  0.18138887  0.50130300  0.81473654 1.00 15226
mean.rO[2]   0.50347140 0.164746265  0.19237357  0.50157817  0.80740307 1.00  3788
mean.rO[3]   0.60247492 0.149163059  0.29719800  0.61059116  0.86795276 1.00  3595
mean.rO[4]   0.55107433 0.157427603  0.23451441  0.55251883  0.84307202 1.00  3447
mean.rO[5]   0.71480602 0.117017689  0.46653125  0.72489792  0.91364284 1.00  3237
mean.rO[6]   0.76623402 0.098872279  0.55329740  0.77549135  0.92626820 1.00  3090
mean.rO[7]   0.63731911 0.139319146  0.34830119  0.64609958  0.88011962 1.00  3386
mean.rO[8]   0.69396950 0.123333737  0.43032449  0.70474960  0.90122826 1.01  3478
mean.rO[9]   0.71530092 0.117286498  0.46678119  0.72869736  0.90896694 1.00  3072
mean.rO[10]  0.78749410 0.091967861  0.58601273  0.79708040  0.93611174 1.00  3063
mean.rO[11]  0.59809376 0.150449006  0.29358278  0.60341619  0.86883923 1.00  3326
mean.rO[12]  0.59813133 0.148081256  0.29357918  0.60406129  0.85794030 1.00  3360
mean.rO[13]  0.79732745 0.087790792  0.60175162  0.80803919  0.93800756 1.00  3172
mean.rO[14]  0.76436710 0.096581440  0.55486687  0.77209247  0.92617539 1.01  3383
mean.rO[15]  0.73334719 0.111054224  0.49044325  0.74494140  0.91612133 1.00  3310
mean.rO[16]  0.78769300 0.091043357  0.58507293  0.79753609  0.93524683 1.00  3086
mean.rO[17]  0.79982250 0.087422674  0.60336815  0.80882768  0.93949419 1.00  2962
mean.rO[18]  0.78036042 0.093393031  0.57517660  0.79039178  0.93505702 1.00  3515
mean.rO[19]  0.73464568 0.109919926  0.49927456  0.74463097  0.91250673 1.00  3153
mean.rO[20]  0.47422798 0.144856724  0.20247122  0.46869184  0.76146852 1.00  1140
mean.rR[1]   0.49968274 0.165599219  0.18648809  0.49885649  0.81451281 1.00 14347
mean.rR[2]   0.49866165 0.166509053  0.19050756  0.49962459  0.81491274 1.00  3669
mean.rR[3]   0.50419171 0.165885224  0.17445202  0.50830827  0.80990452 1.00  3423
mean.rR[4]   0.55373973 0.157050365  0.24797679  0.55971036  0.84599045 1.00  3482
mean.rR[5]   0.49891332 0.163377504  0.19198984  0.49578071  0.81378672 1.00  3846
mean.rR[6]   0.60267255 0.148928413  0.29403767  0.60841159  0.86748375 1.00  3447
mean.rR[7]   0.50018437 0.163985777  0.18411279  0.50245218  0.80729977 1.00  3562
mean.rR[8]   0.50286700 0.169083442  0.18304993  0.50401537  0.82076961 1.00  3382
mean.rR[9]   0.50064685 0.169466862  0.18272999  0.50147807  0.82172078 1.00  3394
mean.rR[10]  0.50485342 0.166453655  0.19291117  0.50536684  0.81877191 1.00  3591
mean.rR[11]  0.49985825 0.167871336  0.17590402  0.50111577  0.81544305 1.00  3365
mean.rR[12]  0.55532908 0.160008602  0.24175735  0.55724708  0.85435709 1.00  3366
mean.rR[13]  0.55381391 0.157967517  0.24030176  0.55595122  0.84425074 1.00  3411
mean.rR[14]  0.50163521 0.165489126  0.18835636  0.50065445  0.81000292 1.00  3741
mean.rR[15]  0.55694936 0.157878749  0.23986795  0.56067788  0.83882264 1.00  3430
mean.rR[16]  0.50227197 0.165294135  0.18731042  0.50368844  0.81498437 1.00  3516
mean.rR[17]  0.49797939 0.167076308  0.17741489  0.49933123  0.81205940 1.00  3489
mean.rR[18]  0.50233556 0.167217438  0.18377897  0.50100009  0.82094880 1.00  3406
mean.rR[19]  0.50469430 0.163440661  0.19184902  0.50641947  0.81427241 1.01  3596
mean.rR[20]  0.47949256 0.167643386  0.16656033  0.47645985  0.80469831 1.00  3334
mu.juv       0.77857076 0.058215178  0.65138360  0.78245663  0.87830135 1.00  2584
mu.pre       0.95775169 0.009709215  0.93682235  0.95856041  0.97465048 1.00  2162
mu.pri       0.96166035 0.008423979  0.94321825  0.96242766  0.97643935 1.00  2220
mu.sen       0.95497867 0.008144237  0.93589378  0.95594027  0.96827169 1.00   926
mu.sub       0.91949302 0.021121570  0.87260715  0.92115342  0.95643981 1.00  2220
sigma.phi    0.38110931 0.170433283  0.12578951  0.36643252  0.76670962 1.04    54
veg[1]       1.51270701 0.000000000  1.51270701  1.51270701  1.51270701  NaN     0
veg[2]       0.25792144 0.000000000  0.25792144  0.25792144  0.25792144  NaN     0
veg[3]       0.08844023 0.000000000  0.08844023  0.08844023  0.08844023  NaN     0
veg[4]      -0.12089654 0.000000000 -0.12089654 -0.12089654 -0.12089654  NaN     0
veg[5]      -1.19432890 0.000000000 -1.19432890 -1.19432890 -1.19432890  NaN     0
veg[6]       0.61199690 0.000000000  0.61199690  0.61199690  0.61199690  NaN     0
veg[7]      -0.21713985 0.000000000 -0.21713985 -0.21713985 -0.21713985  NaN     0
veg[8]      -0.18275671 0.000000000 -0.18275671 -0.18275671 -0.18275671  NaN     0
veg[9]       0.93334633 0.000000000  0.93334633  0.93334633  0.93334633  NaN     0
veg[10]      0.82177311 0.000000000  0.82177311  0.82177311  0.82177311  NaN     0
veg[11]      1.39211638 0.000000000  1.39211638  1.39211638  1.39211638  NaN     0
veg[12]     -0.47617392 0.000000000 -0.47617392 -0.47617392 -0.47617392  NaN     0
veg[13]      0.65034856 0.000000000  0.65034856  0.65034856  0.65034856  NaN     0
veg[14]      1.39111046 0.000000000  1.39111046  1.39111046  1.39111046  NaN     0
veg[15]     -1.11078888 0.000000000 -1.11078888 -1.11078888 -1.11078888  NaN     0
veg[16]     -0.86079259 0.000000000 -0.86079259 -0.86079259 -0.86079259  NaN     0
veg[17]     -1.13173868 0.000000000 -1.13173868 -1.13173868 -1.13173868  NaN     0
veg[18]     -1.45921400 0.000000000 -1.45921400 -1.45921400 -1.45921400  NaN     0
veg[19]      0.07998255 0.000000000  0.07998255  0.07998255  0.07998255  NaN     0
