Information and diagnostics 
=========================== 
Total iter:                       5000 
Thin:                             1 
Num chains:                       3 
Max Rhat:                         1.02 
Min n.eff:                        0 


Model summary 
============= 
                    mean          sd          2.5%          50%       97.5% Rhat n.eff
B.veg[1]    -0.236159008 0.475755788 -1.1385623615 -0.242001672  0.71504143 1.00  1737
B.veg[2]    -0.081738803 0.399723529 -0.8894602129 -0.079551681  0.70624876 1.01   975
B.veg[3]     0.080550365 0.404630802 -0.7022097462  0.072030935  0.89599023 1.00   914
B.veg[4]    -0.075109464 0.397356970 -0.8180732026 -0.086892950  0.73634731 1.00   895
B.veg[5]    -0.311270677 0.321785438 -0.9423628743 -0.314973621  0.33118599 1.02   509
mean.M[1]    0.007664735 0.006721037  0.0001941568  0.005824893  0.02504737 1.00  1369
mean.M[2]    0.104122133 0.016377971  0.0740909261  0.103409393  0.13885913 1.00  3302
mean.M[3]    0.028830563 0.006931920  0.0167460872  0.028415521  0.04392978 1.00  3063
mean.M[4]    0.022484436 0.008425781  0.0093367344  0.021488158  0.04185948 1.00  2729
mean.M[5]    0.044199573 0.011645575  0.0238389401  0.043392669  0.06886280 1.00  3023
mean.Pi[1]   0.798850411 0.120010757  0.5191557458  0.818425824  0.97130310 1.00 15000
mean.Pi[2]   0.954805393 0.031176043  0.8783015041  0.961513846  0.99436391 1.00  2181
mean.Pi[3]   0.963344479 0.024938658  0.8995563323  0.969003205  0.99483096 1.01  2182
mean.Pi[4]   0.973432363 0.018428388  0.9268474895  0.977657110  0.99654742 1.01  2147
mean.Pi[5]   0.965656803 0.019096048  0.9204077585  0.968973520  0.99279254 1.00  2677
mean.Pi[6]   0.979388285 0.014088525  0.9450037490  0.982327803  0.99742585 1.01  2238
mean.Pi[7]   0.976028837 0.016488166  0.9349219507  0.979699623  0.99676018 1.00  2110
mean.Pi[8]   0.976972354 0.016858201  0.9358824153  0.980839035  0.99712803 1.01  1800
mean.Pi[9]   0.972609738 0.018978228  0.9245890961  0.977000213  0.99647790 1.01  1926
mean.Pi[10]  0.974804431 0.017711034  0.9295542613  0.978641003  0.99700765 1.01  2035
mean.Pi[11]  0.978594885 0.014438578  0.9427301349  0.981354869  0.99731204 1.00  2282
mean.Pi[12]  0.980470150 0.013790850  0.9456496859  0.983435255  0.99776214 1.01  2003
mean.Pi[13]  0.981186536 0.013130684  0.9488640228  0.984164191  0.99767564 1.00  2149
mean.Pi[14]  0.976670578 0.015836779  0.9372489555  0.979951099  0.99710869 1.02  1951
mean.Pi[15]  0.979785315 0.013523040  0.9462472973  0.982472056  0.99758897 1.01  2219
mean.Pi[16]  0.968883524 0.017275343  0.9274416756  0.971683951  0.99364559 1.01  1732
mean.Pi[17]  0.961634250 0.021552674  0.9100429419  0.964911491  0.99328407 1.00  1444
mean.Po[1]   0.500906068 0.167607630  0.1803893854  0.501196186  0.81534995 1.00 15000
mean.Po[2]   0.498122233 0.165533772  0.1884576794  0.496015556  0.81886991 1.00  3364
mean.Po[3]   0.389737474 0.127858506  0.1582073541  0.383607228  0.65451582 1.00  3555
mean.Po[4]   0.314321369 0.113174315  0.1190935702  0.307043095  0.55640057 1.00  3077
mean.Po[5]   0.293238625 0.106880252  0.1120687023  0.284619308  0.52529565 1.00  3295
mean.Po[6]   0.250070385 0.095304080  0.0926893158  0.240847822  0.46010247 1.00  3187
mean.Po[7]   0.175023392 0.077119652  0.0543925117  0.165356179  0.35611411 1.00  2884
mean.Po[8]   0.199801973 0.079299462  0.0736130549  0.190084002  0.38018188 1.00  2898
mean.Po[9]   0.169674656 0.066595331  0.0611076269  0.162299108  0.31576421 1.00  3136
mean.Po[10]  0.195584016 0.066231055  0.0836555775  0.188883312  0.33897046 1.00  3282
mean.Po[11]  0.159461163 0.058816013  0.0610281360  0.152693195  0.28903439 1.00  3115
mean.Po[12]  0.169458329 0.058096985  0.0713889349  0.163914189  0.29740987 1.00  3145
mean.Po[13]  0.085402730 0.040825924  0.0235832786  0.079379033  0.18154551 1.00  2692
mean.Po[14]  0.065695993 0.031799838  0.0184982501  0.061074358  0.14063744 1.00  2714
mean.Po[15]  0.061949543 0.029913228  0.0165051841  0.058135274  0.13315692 1.00  2858
mean.Po[16]  0.054044941 0.025523081  0.0159119308  0.049916465  0.11434115 1.00  2684
mean.Po[17]  0.065690231 0.028672880  0.0227063996  0.061455814  0.13400944 1.00  2804
mean.R[1]    0.089286303 0.081652920  0.0022503646  0.067235882  0.30988894 1.00  1600
mean.R[2]    0.301214350 0.100770844  0.1224777420  0.292619941  0.51368912 1.00  3296
mean.R[3]    0.296992043 0.087337717  0.1410351537  0.291032494  0.48307262 1.00  3196
mean.R[4]    0.282378588 0.070801704  0.1571709107  0.279315565  0.43094030 1.00  3459
mean.R[5]    0.123721579 0.037769247  0.0606045056  0.120734703  0.20865811 1.01  3306
mean.rO[1]   0.501994241 0.166450425  0.1857937465  0.502738384  0.81341134 1.00 14467
mean.rO[2]   0.505619578 0.165234210  0.1892584196  0.506682051  0.81957319 1.00  3378
mean.rO[3]   0.710962041 0.116576438  0.4603392646  0.721631152  0.90607082 1.00  3367
mean.rO[4]   0.733490539 0.109894554  0.4930584254  0.744215979  0.91726938 1.00  3192
mean.rO[5]   0.749087130 0.105719114  0.5158895716  0.757703140  0.91997936 1.00  3138
mean.rO[6]   0.638109305 0.137926554  0.3531328299  0.649072540  0.87934566 1.00  3533
mean.rO[7]   0.839541013 0.071290894  0.6791982075  0.849086175  0.95086216 1.00  2954
mean.rO[8]   0.636491240 0.136950345  0.3555212251  0.644049951  0.87770533 1.00  3549
mean.rO[9]   0.790874480 0.090397897  0.5895878255  0.800912014  0.93570893 1.00  3098
mean.rO[10]  0.800562389 0.087538715  0.6008214636  0.810145139  0.93866884 1.00  3094
mean.rO[11]  0.668815955 0.130592628  0.3863994879  0.678276127  0.89139639 1.00  3331
mean.rO[12]  0.641973162 0.137242950  0.3546648339  0.654163815  0.87930264 1.00  3325
mean.rO[13]  0.747213710 0.104408677  0.5182892883  0.756473703  0.91886288 1.00  3126
mean.rO[14]  0.495985684 0.163611116  0.1844232940  0.495746378  0.80222502 1.00  3716
mean.rO[15]  0.774544088 0.097119161  0.5603977143  0.785631705  0.92926050 1.00  2986
mean.rO[16]  0.600247152 0.148079055  0.2973878216  0.606600821  0.86113253 1.00  3482
mean.rO[17]  0.334644115 0.154635087  0.0889360332  0.313900576  0.67753738 1.00  1500
mean.rR[1]   0.500201796 0.166750007  0.1809057448  0.500952713  0.80974605 1.00 15000
mean.rR[2]   0.557539632 0.157031883  0.2480809209  0.560667037  0.85242962 1.00  3555
mean.rR[3]   0.498746781 0.168979408  0.1742730574  0.502237524  0.81743696 1.00  3442
mean.rR[4]   0.552299959 0.156806807  0.2438860475  0.554435616  0.84447521 1.00  3542
mean.rR[5]   0.556947394 0.159188075  0.2325168207  0.561134574  0.84189141 1.00  3552
mean.rR[6]   0.633802684 0.141425508  0.3425249642  0.639982577  0.88060444 1.00  3415
mean.rR[7]   0.553212152 0.156384428  0.2484403019  0.557171743  0.84287108 1.00  3457
mean.rR[8]   0.555040108 0.157016294  0.2450804117  0.560834811  0.84210290 1.00  3862
mean.rR[9]   0.718490412 0.112718983  0.4727203789  0.728330702  0.90679804 1.00  3305
mean.rR[10]  0.688692812 0.125122989  0.4206445512  0.700946806  0.90088054 1.00  3423
mean.rR[11]  0.636791749 0.140685122  0.3429614745  0.644979479  0.88195491 1.00  3426
mean.rR[12]  0.555114459 0.156785748  0.2429691716  0.557040291  0.84131332 1.00  3465
mean.rR[13]  0.500024886 0.165218489  0.1879100115  0.499204585  0.81310640 1.00  3482
mean.rR[14]  0.665505069 0.130498471  0.3875663371  0.677789557  0.88678132 1.00  3545
mean.rR[15]  0.601564317 0.144553664  0.3146610253  0.605902661  0.85934265 1.00  3616
mean.rR[16]  0.557705490 0.157695522  0.2487805120  0.560793370  0.84823882 1.00  3395
mean.rR[17]  0.458705984 0.168964973  0.1586889451  0.452638711  0.79487710 1.00  3039
mu.phi[1]    0.968726023 0.016453363  0.9267625695  0.972178275  0.99133596 1.00  1526
mu.phi[2]    0.958825863 0.017178309  0.9150162278  0.961644596  0.98305337 1.01   752
mu.phi[3]    0.963990568 0.013784288  0.9312493654  0.966138087  0.98473458 1.01   641
mu.phi[4]    0.915216459 0.029048821  0.8472065778  0.919611904  0.95923154 1.00   559
mu.phi[5]    0.786718402 0.055251472  0.6619949261  0.792479050  0.87817235 1.01   350
sigma.phi    1.124115366 0.212287707  0.7791376892  1.102218001  1.60355067 1.01   349
veg[1]      -0.229640406 0.958674585 -2.1042662002 -0.231039708  1.64586964 1.00  2184
veg[2]       1.786000000 0.000000000  1.7860000000  1.786000000  1.78600000  NaN     0
veg[3]       2.190000000 0.000000000  2.1900000000  2.190000000  2.19000000  NaN     0
veg[4]       1.651000000 0.000000000  1.6510000000  1.651000000  1.65100000  NaN     0
veg[5]      -0.549000000 0.000000000 -0.5490000000 -0.549000000 -0.54900000  NaN     0
veg[6]      -0.447000000 0.000000000 -0.4470000000 -0.447000000 -0.44700000  NaN     0
veg[7]      -0.953000000 0.000000000 -0.9530000000 -0.953000000 -0.95300000  NaN     0
veg[8]      -0.518000000 0.000000000 -0.5180000000 -0.518000000 -0.51800000  NaN     0
veg[9]      -0.537000000 0.000000000 -0.5370000000 -0.537000000 -0.53700000  NaN     0
veg[10]     -0.664000000 0.000000000 -0.6640000000 -0.664000000 -0.66400000  NaN     0
veg[11]     -0.509000000 0.000000000 -0.5090000000 -0.509000000 -0.50900000  NaN     0
veg[12]     -0.377000000 0.000000000 -0.3770000000 -0.377000000 -0.37700000  NaN     0
veg[13]      0.075000000 0.000000000  0.0750000000  0.075000000  0.07500000  NaN     0
veg[14]     -0.243000000 0.000000000 -0.2430000000 -0.243000000 -0.24300000  NaN     0
veg[15]     -0.510000000 0.000000000 -0.5100000000 -0.510000000 -0.51000000  NaN     0
veg[16]     -0.394000000 0.000000000 -0.3940000000 -0.394000000 -0.39400000  NaN     0
veg[17]      0.021973747 0.999586459 -1.9097411112  0.015555334  2.00513425 1.00 15398
