Information and diagnostics 
=========================== 
Total iter:                       5000 
Thin:                             1 
Num chains:                       3 
Max Rhat:                         1.44 
Min n.eff:                        0 


Model summary 
============= 
                        mean          sd          2.5%          50%       97.5% Rhat n.eff
B.veg[1]        -0.228732783 0.476906614 -1.124866e+00 -0.247458349  0.76278361 1.00  1719
B.veg[2]        -0.059750748 0.390192300 -7.890375e-01 -0.061614207  0.71553693 1.00  1084
B.veg[3]         0.073027294 0.407769004 -6.914307e-01  0.058075031  0.90044632 1.01   911
B.veg[4]        -0.082504029 0.393379555 -8.189218e-01 -0.088751454  0.72403405 1.01   881
B.veg[5]        -0.317055614 0.316402108 -9.249428e-01 -0.318494804  0.31200700 1.03   494
mean.M[1, 1]     0.007877476 0.007808564  2.701446e-04  0.005674835  0.02864170 1.00  1917
mean.M[2, 1]     0.094602052 0.035158584  3.448825e-02  0.092439663  0.17257752 1.02  2496
mean.M[3, 1]     0.029291794 0.014443377  9.487342e-03  0.026826746  0.06491357 1.06  2963
mean.M[4, 1]     0.022979095 0.014724175  6.002095e-03  0.020134211  0.05667879 1.03  2736
mean.M[5, 1]     0.041374735 0.019572877  1.248133e-02  0.038561118  0.08879776 1.02  2765
mean.M[1, 2]     0.007681916 0.007726268  2.901239e-04  0.005500419  0.02866371 1.00  1791
mean.M[2, 2]     0.141079868 0.056140553  6.625725e-02  0.128553440  0.28827541 1.09   684
mean.M[3, 2]     0.032703027 0.016479907  1.148175e-02  0.029446167  0.07570868 1.06  2384
mean.M[4, 2]     0.022409386 0.013066668  5.626167e-03  0.019822973  0.05486283 1.02  2269
mean.M[5, 2]     0.042256950 0.020310689  1.251574e-02  0.039150774  0.09260152 1.02  2876
mean.M[1, 3]     0.007817452 0.007725107  2.677428e-04  0.005494870  0.02823809 1.00  1903
mean.M[2, 3]     0.098104454 0.032149950  4.383802e-02  0.094892687  0.17046931 1.02  2851
mean.M[3, 3]     0.027321277 0.012495792  8.558358e-03  0.025618087  0.05688003 1.02  2736
mean.M[4, 3]     0.022366802 0.013115550  5.420259e-03  0.019816634  0.05482445 1.01  3061
mean.M[5, 3]     0.048137818 0.023162244  1.666009e-02  0.043905807  0.10459430 1.01  2721
mean.M[1, 4]     0.007886783 0.008080985  2.879457e-04  0.005558249  0.02856550 1.00  1980
mean.M[2, 4]     0.085192822 0.029118153  3.463577e-02  0.083603283  0.14790371 1.04  1099
mean.M[3, 4]     0.026046159 0.011355607  8.314474e-03  0.024673441  0.05186983 1.02  2882
mean.M[4, 4]     0.021993823 0.012555413  5.795364e-03  0.019703930  0.05319904 1.01  2808
mean.M[5, 4]     0.041989364 0.019898416  1.299630e-02  0.039141571  0.08908619 1.01  2685
mean.M[1, 5]     0.007855879 0.007983940  2.703473e-04  0.005574544  0.02858829 1.01  1953
mean.M[2, 5]     0.110295735 0.038838158  5.025650e-02  0.105640535  0.20859152 1.04  3081
mean.M[3, 5]     0.027261152 0.011508100  9.631134e-03  0.025710860  0.05487901 1.02  2930
mean.M[4, 5]     0.021604354 0.011636599  5.432502e-03  0.019514810  0.05062635 1.01  2866
mean.M[5, 5]     0.040678739 0.018581922  1.270584e-02  0.038269745  0.08449225 1.03  2928
mean.M[1, 6]     0.007970426 0.008155971  2.752702e-04  0.005675664  0.02962187 1.01  1793
mean.M[2, 6]     0.100628280 0.036547681  4.163371e-02  0.096274975  0.18610021 1.02  2706
mean.M[3, 6]     0.026511140 0.010687061  9.254911e-03  0.025442768  0.05047767 1.01  2533
mean.M[4, 6]     0.025559498 0.015450847  7.096206e-03  0.022453223  0.06471945 1.02  2741
mean.M[5, 6]     0.042998698 0.021634804  1.264112e-02  0.039316284  0.09498871 1.02  2624
mean.M[1, 7]     0.007906647 0.008094131  3.013083e-04  0.005539833  0.03037691 1.00  1827
mean.M[2, 7]     0.095319375 0.036234338  3.256051e-02  0.092771580  0.17818743 1.03  2558
mean.M[3, 7]     0.030008509 0.012050955  1.180655e-02  0.028304767  0.05909722 1.02  3576
mean.M[4, 7]     0.021221447 0.011591739  5.539734e-03  0.019025326  0.05020429 1.01  2753
mean.M[5, 7]     0.042969436 0.020868636  1.339173e-02  0.039662440  0.09382495 1.03  2692
mean.M[1, 8]     0.007996100 0.008738061  2.814468e-04  0.005537984  0.02956881 1.01  1621
mean.M[2, 8]     0.119259879 0.046897219  5.259098e-02  0.110535083  0.23807272 1.03  2336
mean.M[3, 8]     0.027916103 0.011556777  1.042939e-02  0.026116400  0.05584435 1.02  3004
mean.M[4, 8]     0.027693243 0.015439429  8.085202e-03  0.024342312  0.06758347 1.04  2365
mean.M[5, 8]     0.043745175 0.022503800  1.348190e-02  0.040214151  0.09734600 1.03  2468
mean.M[1, 9]     0.007553720 0.007422716  2.734082e-04  0.005397921  0.02740020 1.00  1904
mean.M[2, 9]     0.106161643 0.040546873  4.218397e-02  0.100880889  0.20525157 1.03  2827
mean.M[3, 9]     0.040196063 0.020606454  1.555986e-02  0.035125260  0.09388967 1.12   946
mean.M[4, 9]     0.022815786 0.011865651  6.923575e-03  0.020533308  0.05237402 1.01  3202
mean.M[5, 9]     0.050170244 0.025923547  1.740915e-02  0.045019993  0.11745536 1.02  2136
mean.M[1, 10]    0.007859992 0.008033607  3.167310e-04  0.005513497  0.02873899 1.00  1808
mean.M[2, 10]    0.092514697 0.030268077  3.905124e-02  0.090757848  0.15587816 1.03  2707
mean.M[3, 10]    0.027336500 0.012414530  8.591325e-03  0.025741195  0.05673250 1.03  2486
mean.M[4, 10]    0.019964959 0.010263309  5.433659e-03  0.018143297  0.04540253 1.02  2373
mean.M[5, 10]    0.047237706 0.022095489  1.560054e-02  0.043496640  0.10051163 1.03  3034
mean.M[1, 11]    0.007676791 0.007487709  2.838541e-04  0.005482708  0.02801289 1.01  1870
mean.M[2, 11]    0.088713625 0.028498393  3.773154e-02  0.086996761  0.14983552 1.04  1546
mean.M[3, 11]    0.027524038 0.012578605  8.918643e-03  0.025678396  0.05769213 1.02  2979
mean.M[4, 11]    0.023358329 0.012309563  6.675242e-03  0.021137209  0.05304136 1.01  3262
mean.M[5, 11]    0.038574018 0.017362094  1.149221e-02  0.036481275  0.07861993 1.03  2629
mean.M[1, 12]    0.007607352 0.007429819  2.910287e-04  0.005443477  0.02796025 1.00  1726
mean.M[2, 12]    0.130175497 0.044663150  6.540627e-02  0.122157823  0.23743841 1.08  1608
mean.M[3, 12]    0.028472626 0.012239744  1.034804e-02  0.026760045  0.05838532 1.02  3129
mean.M[4, 12]    0.021126080 0.011386547  5.232294e-03  0.019239244  0.04841585 1.01  2790
mean.M[5, 12]    0.045337277 0.018653166  1.729996e-02  0.042680319  0.08973237 1.01  3290
mean.M[1, 13]    0.007854030 0.007910142  2.946713e-04  0.005585871  0.02880270 1.00  1958
mean.M[2, 13]    0.150405057 0.050408795  7.924283e-02  0.140615876  0.27627948 1.10   441
mean.M[3, 13]    0.032073811 0.013994944  1.231366e-02  0.029604874  0.06660050 1.04  2469
mean.M[4, 13]    0.025467788 0.014986503  7.048570e-03  0.022241415  0.06339097 1.03  2608
mean.M[5, 13]    0.054052516 0.022043688  2.289896e-02  0.050036781  0.10835686 1.04  2205
mean.M[1, 14]    0.007843327 0.007856757  2.861815e-04  0.005575462  0.02883436 1.00  1778
mean.M[2, 14]    0.079118504 0.029943982  2.549590e-02  0.078010186  0.14158034 1.09   520
mean.M[3, 14]    0.030120979 0.012084219  1.173510e-02  0.028314259  0.05958637 1.03  3416
mean.M[4, 14]    0.022189631 0.012337320  5.669737e-03  0.019754292  0.05299190 1.01  2940
mean.M[5, 14]    0.040393432 0.016665146  1.430253e-02  0.038440562  0.07886274 1.02  2935
mean.M[1, 15]    0.008247026 0.008068716  2.853275e-04  0.005882972  0.02961410 1.00  1775
mean.M[2, 15]    0.102665988 0.031343237  5.040802e-02  0.099488249  0.17422186 1.01  3151
mean.M[3, 15]    0.028801654 0.011579261  1.101657e-02  0.027069463  0.05674451 1.01  3434
mean.M[4, 15]    0.022089676 0.012508184  5.460304e-03  0.019704503  0.05230340 1.01  2998
mean.M[5, 15]    0.042454920 0.017113279  1.546365e-02  0.040357878  0.08233113 1.02  3151
mean.M[1, 16]    0.007547409 0.007309222  2.861179e-04  0.005406494  0.02772325 1.01  1978
mean.M[2, 16]    0.097307196 0.032166655  3.955813e-02  0.095412756  0.16734796 1.02  2333
mean.M[3, 16]    0.026165887 0.011142154  8.689892e-03  0.024899343  0.05181539 1.02  2387
mean.M[4, 16]    0.020960068 0.011097718  5.538587e-03  0.019036065  0.04862424 1.01  3023
mean.M[5, 16]    0.042698404 0.018088592  1.524719e-02  0.040358877  0.08587787 1.01  3011
mean.Pi[1]       0.799633992 0.120802520  5.155772e-01  0.820849484  0.97147223 1.00 15090
mean.Pi[2]       0.954197430 0.030714827  8.778985e-01  0.961063512  0.99449865 1.01  2357
mean.Pi[3]       0.964821392 0.023941634  9.061571e-01  0.969816136  0.99566761 1.00  2115
mean.Pi[4]       0.973780430 0.019200031  9.262256e-01  0.978249139  0.99680928 1.00  1691
mean.Pi[5]       0.966179049 0.019365013  9.201702e-01  0.969717449  0.99305296 1.00  2614
mean.Pi[6]       0.979511410 0.014077865  9.447704e-01  0.982712620  0.99738164 1.00  2175
mean.Pi[7]       0.976378391 0.016120594  9.359027e-01  0.979779715  0.99702145 1.01  2301
mean.Pi[8]       0.977065549 0.016008961  9.368319e-01  0.980994381  0.99725177 1.00  2197
mean.Pi[9]       0.972793506 0.018829402  9.257566e-01  0.977178908  0.99634806 1.01  2009
mean.Pi[10]      0.975860202 0.016796823  9.347125e-01  0.979504286  0.99714659 1.00  2049
mean.Pi[11]      0.977905915 0.015017128  9.403172e-01  0.981169261  0.99714682 1.01  2200
mean.Pi[12]      0.980920153 0.013075627  9.495497e-01  0.984011232  0.99789335 1.00  1980
mean.Pi[13]      0.980656658 0.013257863  9.471371e-01  0.983769531  0.99745559 1.00  2152
mean.Pi[14]      0.977478876 0.015354587  9.376455e-01  0.980730079  0.99723713 1.01  2071
mean.Pi[15]      0.979497744 0.014102786  9.438443e-01  0.982601384  0.99761201 1.01  2169
mean.Pi[16]      0.968721517 0.017442821  9.252648e-01  0.971634283  0.99350235 1.02  1912
mean.Pi[17]      0.960269129 0.021928265  9.094066e-01  0.963179331  0.99308185 1.00  1410
mean.Po[1]       0.499971877 0.166213746  1.852143e-01  0.499874518  0.81518986 1.00 15612
mean.Po[2]       0.497076811 0.168430621  1.773717e-01  0.499170832  0.82049614 1.00  3686
mean.Po[3]       0.387754402 0.130134795  1.517834e-01  0.382274450  0.65725004 1.00  3620
mean.Po[4]       0.315956609 0.109759733  1.273857e-01  0.307916445  0.55113260 1.00  3660
mean.Po[5]       0.295302655 0.109599144  1.057708e-01  0.286622712  0.52776069 1.00  3237
mean.Po[6]       0.251425544 0.092918668  9.299992e-02  0.241853434  0.45595308 1.00  3384
mean.Po[7]       0.172237127 0.075810333  5.046401e-02  0.164428650  0.33831450 1.00  3251
mean.Po[8]       0.201949604 0.079119793  7.213855e-02  0.193993992  0.38058232 1.00  3112
mean.Po[9]       0.166656666 0.067377799  5.743384e-02  0.159177377  0.31649814 1.00  3119
mean.Po[10]      0.195696043 0.066466149  8.368293e-02  0.191000866  0.34196803 1.00  3198
mean.Po[11]      0.161846781 0.061581388  6.104147e-02  0.154456185  0.29967585 1.00  2758
mean.Po[12]      0.169757888 0.058057213  7.270194e-02  0.165949893  0.29550694 1.00  3391
mean.Po[13]      0.084810046 0.039070644  2.504614e-02  0.079258448  0.17760096 1.00  2996
mean.Po[14]      0.064767735 0.030894606  1.782234e-02  0.060057395  0.13665746 1.00  2745
mean.Po[15]      0.060682780 0.029166251  1.686324e-02  0.056362404  0.12889036 1.00  2713
mean.Po[16]      0.055491247 0.027437915  1.561183e-02  0.051533577  0.12108631 1.00  2637
mean.Po[17]      0.065412375 0.028189629  2.068888e-02  0.061669132  0.12942997 1.01  2829
mean.R[1, 1]     0.199212995 0.278214829  1.056637e-04  0.057929343  0.96006189 1.00  3046
mean.R[2, 1]     0.320872698 0.325177749  4.769268e-04  0.186763274  0.98270552 1.00  3421
mean.R[3, 1]     0.279130833 0.311175345  3.205005e-04  0.139171286  0.97694567 1.01  3118
mean.R[4, 1]     0.287319995 0.311868523  4.437695e-04  0.149648764  0.97638970 1.00  2902
mean.R[5, 1]     0.554173165 0.301218069  4.185949e-02  0.573353134  0.99304564 1.00  1225
mean.R[1, 2]     0.206723849 0.283944118  1.287651e-04  0.060691999  0.96134147 1.00  2991
mean.R[2, 2]     0.322265500 0.329255208  6.210050e-04  0.185625083  0.98618816 1.00  3258
mean.R[3, 2]     0.272112672 0.308319901  3.884085e-04  0.127438467  0.97325520 1.00  3143
mean.R[4, 2]     0.283779249 0.312814282  4.706044e-04  0.140046076  0.97834971 1.00  3037
mean.R[5, 2]     0.043602230 0.065266313  9.988296e-05  0.017526596  0.23553337 1.00  3459
mean.R[1, 3]     0.104811677 0.167512951  9.735620e-05  0.029908709  0.63757477 1.00  3656
mean.R[2, 3]     0.633567314 0.288879825  6.343046e-02  0.691674969  0.99650455 1.00  2914
mean.R[3, 3]     0.275266455 0.308385809  3.834965e-04  0.133318622  0.97436740 1.00  3052
mean.R[4, 3]     0.110632114 0.146101669  2.756973e-04  0.050211803  0.53878962 1.01  3685
mean.R[5, 3]     0.058545147 0.086643912  1.425493e-04  0.023676952  0.31281284 1.00  3679
mean.R[1, 4]     0.203803179 0.282414449  1.044551e-04  0.058155946  0.94879283 1.00  2989
mean.R[2, 4]     0.422773920 0.256921038  3.308520e-02  0.400160731  0.91690978 1.00  3654
mean.R[3, 4]     0.084510970 0.114499772  2.071650e-04  0.036647913  0.42020786 1.00  2830
mean.R[4, 4]     0.285477589 0.312711301  5.726743e-04  0.146840769  0.98031501 1.00  2899
mean.R[5, 4]     0.057820168 0.084745370  1.074284e-04  0.024088796  0.30730107 1.01  3271
mean.R[1, 5]     0.200138071 0.276607833  9.090358e-05  0.061008768  0.94696570 1.00  2849
mean.R[2, 5]     0.321901904 0.326621179  6.649099e-04  0.191972453  0.98647675 1.00  3067
mean.R[3, 5]     0.793141726 0.188261133  3.244866e-01  0.848547325  0.99756584 1.00  1007
mean.R[4, 5]     0.280776506 0.310311525  5.324528e-04  0.140142305  0.97364631 1.00  3274
mean.R[5, 5]     0.068115286 0.100403306  1.075245e-04  0.027420790  0.37393741 1.00  3598
mean.R[1, 6]     0.206176861 0.287618371  9.234341e-05  0.058182957  0.97009059 1.00  3033
mean.R[2, 6]     0.316653549 0.323197484  5.368373e-04  0.183754801  0.98276528 1.00  3379
mean.R[3, 6]     0.277481013 0.308552642  3.284322e-04  0.135279661  0.97756818 1.00  2855
mean.R[4, 6]     0.047952045 0.065273151  1.884486e-04  0.022938119  0.23081235 1.00  2830
mean.R[5, 6]     0.094687189 0.078135935  5.619923e-03  0.073301834  0.29792679 1.00  3887
mean.R[1, 7]     0.205419515 0.281250952  1.098624e-04  0.061290994  0.95839852 1.00  2733
mean.R[2, 7]     0.172813489 0.212601979  3.498914e-04  0.083121294  0.77607920 1.00  3366
mean.R[3, 7]     0.102497881 0.138639630  1.921419e-04  0.044808270  0.50684996 1.01  3365
mean.R[4, 7]     0.280796540 0.310566992  4.246033e-04  0.140307924  0.96970031 1.00  3433
mean.R[5, 7]     0.557959276 0.305323755  3.667220e-02  0.582948895  0.99195365 1.00  2066
mean.R[1, 8]     0.195950843 0.273825552  1.025667e-04  0.057207427  0.94213922 1.00  3042
mean.R[2, 8]     0.322276925 0.324753210  6.892111e-04  0.190233032  0.98391796 1.00  3282
mean.R[3, 8]     0.437048715 0.205078977  8.776541e-02  0.426027344  0.84451812 1.00  4007
mean.R[4, 8]     0.398063294 0.165310982  1.072405e-01  0.386838701  0.73983345 1.00  3801
mean.R[5, 8]     0.157455498 0.130629230  8.437785e-03  0.124041793  0.49668862 1.00  3673
mean.R[1, 9]     0.206090387 0.283654446  1.902189e-04  0.059126083  0.95382247 1.00  2802
mean.R[2, 9]     0.323854598 0.324218237  6.213425e-04  0.197464120  0.98319495 1.00  3344
mean.R[3, 9]     0.551223950 0.228201961  1.205365e-01  0.562098185  0.94017559 1.00  3582
mean.R[4, 9]     0.399297670 0.167025093  1.111793e-01  0.389432932  0.73819435 1.00  3795
mean.R[5, 9]     0.040763185 0.060071839  1.182483e-04  0.017493453  0.21340354 1.01  3183
mean.R[1, 10]    0.107264232 0.166118695  9.674390e-05  0.032030108  0.63051140 1.01  3751
mean.R[2, 10]    0.316109742 0.325713858  5.738786e-04  0.176367680  0.98382003 1.00  3392
mean.R[3, 10]    0.149087818 0.196627098  2.406048e-04  0.064834839  0.72959071 1.00  3311
mean.R[4, 10]    0.535155623 0.192803219  1.622989e-01  0.540269466  0.87850989 1.00  3649
mean.R[5, 10]    0.218378269 0.283086321  2.730081e-04  0.080373508  0.96228324 1.01  3125
mean.R[1, 11]    0.201131487 0.279949405  1.140850e-04  0.057857754  0.95782611 1.00  3186
mean.R[2, 11]    0.310711908 0.211080848  2.156500e-02  0.273612556  0.78308196 1.00  3984
mean.R[3, 11]    0.283306239 0.313128667  3.782659e-04  0.139272371  0.98041504 1.00  3240
mean.R[4, 11]    0.285679216 0.311515060  4.664150e-04  0.146695477  0.98068649 1.00  2927
mean.R[5, 11]    0.115654666 0.170182055  2.064034e-04  0.040159494  0.63670912 1.01  3474
mean.R[1, 12]    0.204644604 0.282807316  1.186419e-04  0.061015732  0.96180528 1.00  2808
mean.R[2, 12]    0.316276587 0.321440313  6.690718e-04  0.185017508  0.98213896 1.00  3633
mean.R[3, 12]    0.146850500 0.191747240  2.732111e-04  0.061567124  0.70337370 1.00  3245
mean.R[4, 12]    0.147220157 0.190825287  3.298633e-04  0.063125549  0.69504948 1.00  3423
mean.R[5, 12]    0.043240878 0.065229155  1.146906e-04  0.017289220  0.22879782 1.01  3495
mean.R[1, 13]    0.201121678 0.276253748  1.188097e-04  0.060445408  0.95557902 1.00  2944
mean.R[2, 13]    0.629380016 0.288698543  5.991053e-02  0.682332583  0.99528587 1.00  3142
mean.R[3, 13]    0.270416040 0.306358715  3.795824e-04  0.129620525  0.97355083 1.00  3350
mean.R[4, 13]    0.285455073 0.309653845  5.213932e-04  0.147029228  0.97490603 1.00  3129
mean.R[5, 13]    0.767761629 0.201240430  2.758686e-01  0.819182806  0.99611439 1.01   725
mean.R[1, 14]    0.204557517 0.280047943  1.071821e-04  0.061445467  0.95174712 1.00  3071
mean.R[2, 14]    0.119341874 0.151319175  2.609324e-04  0.057221289  0.56070975 1.00  3093
mean.R[3, 14]    0.280419602 0.312274980  4.135477e-04  0.131114772  0.97675942 1.00  3231
mean.R[4, 14]    0.608967998 0.293714827  5.379191e-02  0.652953040  0.99524227 1.00  2154
mean.R[5, 14]    0.111537186 0.093057016  5.836683e-03  0.085953695  0.35395040 1.00  3769
mean.R[1, 15]    0.198673908 0.277238924  1.341619e-04  0.057795346  0.94570142 1.00  3039
mean.R[2, 15]    0.642906996 0.284120008  7.796984e-02  0.706854020  0.99549724 1.00  2597
mean.R[3, 15]    0.148424490 0.196710285  2.556443e-04  0.062421750  0.72282822 1.00  3457
mean.R[4, 15]    0.293129404 0.319726896  5.322859e-04  0.148924508  0.98089803 1.01  2717
mean.R[5, 15]    0.111821621 0.164160068  1.986153e-04  0.040917319  0.62237408 1.00  3631
mean.R[1, 16]    0.195345897 0.273828796  9.752696e-05  0.054083966  0.94783978 1.00  3129
mean.R[2, 16]    0.306160968 0.320842883  5.997955e-04  0.165333926  0.98094066 1.00  2152
mean.R[3, 16]    0.263353775 0.301042896  3.768874e-04  0.119401469  0.97158259 1.00  2514
mean.R[4, 16]    0.260657780 0.297719619  4.141670e-04  0.125051590  0.97151143 1.01  2083
mean.R[5, 16]    0.181902396 0.258099649  1.887537e-04  0.057272185  0.92740174 1.00   875
mean.phi[1, 1]   0.965896630 0.040882284  8.535065e-01  0.979157171  0.99840754 1.01  3915
mean.phi[2, 1]   0.959845605 0.041391545  8.467175e-01  0.973039223  0.99718194 1.01  3511
mean.phi[3, 1]   0.952543333 0.055475919  7.990844e-01  0.970769315  0.99740837 1.00  3239
mean.phi[4, 1]   0.928853214 0.064832439  7.524990e-01  0.948186931  0.99493118 1.01  3392
mean.phi[5, 1]   0.876827224 0.073439323  7.036545e-01  0.890479347  0.97801743 1.00  3931
mean.phi[1, 2]   0.961686523 0.040199865  8.511023e-01  0.974635911  0.99814072 1.00  3615
mean.phi[2, 2]   0.961687170 0.037166139  8.603949e-01  0.972680685  0.99764788 1.00  3460
mean.phi[3, 2]   0.967784545 0.035807262  8.691585e-01  0.979328478  0.99841071 1.01  2279
mean.phi[4, 2]   0.924961132 0.070813889  7.370553e-01  0.947239902  0.99593471 1.00  2634
mean.phi[5, 2]   0.617946463 0.112130458  3.907254e-01  0.621516770  0.82273480 1.00  4257
mean.phi[1, 3]   0.927612338 0.062893338  7.620931e-01  0.945615054  0.99522230 1.00  5388
mean.phi[2, 3]   0.953803826 0.034805514  8.648057e-01  0.962168397  0.99445780 1.00  4264
mean.phi[3, 3]   0.976941777 0.023276478  9.123975e-01  0.984069059  0.99879925 1.00  2321
mean.phi[4, 3]   0.814120236 0.116202568  5.357585e-01  0.836414390  0.97248522 1.00  3472
mean.phi[5, 3]   0.698614259 0.108371996  4.695236e-01  0.707512986  0.88190006 1.00  4279
mean.phi[1, 4]   0.946205472 0.063769186  7.651495e-01  0.968375663  0.99813011 1.00  3789
mean.phi[2, 4]   0.941535791 0.035780584  8.516846e-01  0.949267835  0.98882642 1.00  5043
mean.phi[3, 4]   0.928168991 0.040430622  8.311794e-01  0.935651564  0.98372879 1.00  4580
mean.phi[4, 4]   0.945455646 0.047486444  8.171683e-01  0.958408494  0.99566068 1.00  3081
mean.phi[5, 4]   0.692968792 0.109991295  4.578028e-01  0.702019024  0.88189314 1.00  3974
mean.phi[1, 5]   0.969725827 0.033739401  8.713066e-01  0.980729483  0.99838405 1.00  3743
mean.phi[2, 5]   0.967860678 0.030199268  8.869940e-01  0.977104789  0.99729555 1.00  3544
mean.phi[3, 5]   0.947673411 0.026834033  8.850572e-01  0.952550065  0.98526515 1.00  3927
mean.phi[4, 5]   0.954035065 0.037954500  8.539986e-01  0.964282306  0.99561521 1.00  3124
mean.phi[5, 5]   0.799184350 0.088577645  5.989464e-01  0.810805977  0.93759478 1.00  3585
mean.phi[1, 6]   0.957084216 0.058931063  7.955737e-01  0.976938017  0.99813396 1.00  2722
mean.phi[2, 6]   0.966516502 0.031514150  8.812964e-01  0.976312537  0.99735951 1.00  3487
mean.phi[3, 6]   0.984592507 0.012102328  9.535881e-01  0.987707817  0.99846893 1.01  3013
mean.phi[4, 6]   0.705257714 0.095608569  4.998118e-01  0.711542200  0.86996916 1.00  3503
mean.phi[5, 6]   0.408997676 0.112962269  1.989043e-01  0.405768700  0.63112465 1.00  2716
mean.phi[1, 7]   0.965476020 0.045655803  8.395456e-01  0.981152314  0.99849832 1.00  2925
mean.phi[2, 7]   0.926830461 0.061162182  7.602674e-01  0.944116643  0.99223734 1.00  3302
mean.phi[3, 7]   0.964983332 0.020571937  9.142383e-01  0.969136943  0.99228953 1.00  4196
mean.phi[4, 7]   0.960022165 0.032454682  8.741121e-01  0.968723851  0.99621371 1.00  3311
mean.phi[5, 7]   0.824770691 0.106867520  5.668168e-01  0.846241924  0.97009073 1.00  3195
mean.phi[1, 8]   0.960834480 0.051027374  8.105883e-01  0.977704723  0.99819944 1.00  3090
mean.phi[2, 8]   0.960546584 0.039740911  8.473281e-01  0.972910745  0.99693094 1.00  3379
mean.phi[3, 8]   0.933156977 0.030471189  8.615271e-01  0.937455229  0.97938786 1.00  3864
mean.phi[4, 8]   0.818328222 0.060251788  6.856115e-01  0.822780071  0.91899522 1.00  3979
mean.phi[5, 8]   0.520376514 0.138555613  2.408953e-01  0.523971058  0.77482206 1.01  2420
mean.phi[1, 9]   0.979536799 0.020064050  9.245776e-01  0.985626043  0.99859752 1.01  3657
mean.phi[2, 9]   0.962216699 0.037582801  8.603499e-01  0.974128008  0.99722042 1.00  3353
mean.phi[3, 9]   0.914040837 0.045790003  8.022478e-01  0.922318578  0.97843604 1.00  3440
mean.phi[4, 9]   0.864452089 0.046418524  7.598870e-01  0.869282407  0.93948531 1.00  3717
mean.phi[5, 9]   0.545632112 0.121833315  3.064158e-01  0.549494681  0.77472783 1.00  3169
mean.phi[1, 10]  0.946755035 0.048307750  8.157831e-01  0.961529299  0.99509854 1.01  3877
mean.phi[2, 10]  0.977220930 0.019607713  9.246813e-01  0.982790713  0.99793943 1.01  3605
mean.phi[3, 10]  0.952353606 0.036224970  8.592535e-01  0.961890320  0.99396894 1.01  3406
mean.phi[4, 10]  0.895872554 0.040547195  8.027793e-01  0.900500807  0.96125589 1.00  4129
mean.phi[5, 10]  0.927343947 0.051244205  7.968024e-01  0.938673701  0.99050092 1.00  2629
mean.phi[1, 11]  0.975688045 0.025476495  9.043583e-01  0.983650799  0.99852818 1.00  3358
mean.phi[2, 11]  0.935284471 0.034154374  8.535912e-01  0.941933521  0.98336540 1.00  4042
mean.phi[3, 11]  0.972009176 0.025233078  9.048091e-01  0.979467998  0.99761927 1.01  3544
mean.phi[4, 11]  0.969600961 0.022735177  9.089704e-01  0.975269301  0.99649055 1.01  2801
mean.phi[5, 11]  0.921938781 0.045024802  8.134482e-01  0.930550372  0.98338409 1.00  2878
mean.phi[1, 12]  0.976448780 0.024255155  9.117867e-01  0.984062449  0.99835809 1.00  3334
mean.phi[2, 12]  0.973908673 0.022315493  9.137028e-01  0.980170802  0.99744929 1.00  3435
mean.phi[3, 12]  0.968752969 0.021982207  9.120893e-01  0.974091907  0.99476860 1.00  3413
mean.phi[4, 12]  0.935522419 0.042449661  8.241782e-01  0.945122879  0.98891507 1.01  3177
mean.phi[5, 12]  0.856300223 0.048450804  7.496948e-01  0.860653939  0.93703578 1.00  3637
mean.phi[1, 13]  0.970253392 0.031594109  8.851810e-01  0.980663773  0.99806404 1.01  3275
mean.phi[2, 13]  0.962032190 0.026896029  8.925592e-01  0.968615018  0.99429844 1.00  3645
mean.phi[3, 13]  0.982452160 0.014215590  9.459783e-01  0.986221090  0.99809728 1.01  3347
mean.phi[4, 13]  0.948539471 0.042550327  8.318425e-01  0.960494871  0.99469558 1.00  3519
mean.phi[5, 13]  0.916396860 0.036800713  8.306348e-01  0.921299817  0.97239912 1.00  3249
mean.phi[1, 14]  0.972479904 0.028790369  8.921807e-01  0.982015201  0.99816032 1.01  3530
mean.phi[2, 14]  0.940503580 0.035305728  8.531528e-01  0.947245917  0.98763948 1.00  3876
mean.phi[3, 14]  0.983565326 0.013339164  9.497977e-01  0.987142462  0.99829582 1.00  3269
mean.phi[4, 14]  0.922119463 0.052450926  7.902864e-01  0.934493662  0.98748523 1.01  3798
mean.phi[5, 14]  0.816539162 0.051398718  7.060878e-01  0.820945666  0.90438060 1.00  3788
mean.phi[1, 15]  0.980952358 0.017787603  9.328196e-01  0.986258519  0.99863926 1.00  3715
mean.phi[2, 15]  0.966575192 0.023189202  9.075622e-01  0.971965191  0.99497998 1.00  3676
mean.phi[3, 15]  0.977037220 0.015468460  9.389669e-01  0.980585941  0.99596837 1.00  3337
mean.phi[4, 15]  0.943931274 0.046806648  8.193648e-01  0.956562176  0.99512070 1.01  3219
mean.phi[5, 15]  0.948393500 0.028889300  8.799064e-01  0.953815335  0.98861250 1.00  2397
mean.phi[1, 16]  0.978739291 0.021481431  9.212754e-01  0.985461742  0.99852738 1.00  3655
mean.phi[2, 16]  0.970527406 0.025634681  9.012249e-01  0.978234635  0.99742225 1.01  1955
mean.phi[3, 16]  0.978147916 0.017767608  9.313091e-01  0.982884614  0.99778476 1.00  2387
mean.phi[4, 16]  0.959578138 0.030234402  8.837275e-01  0.966969793  0.99524191 1.00  2368
mean.phi[5, 16]  0.897688440 0.074661792  7.016522e-01  0.915422448  0.98792359 1.04   731
mean.rO[1]       0.495679405 0.164977511  1.851113e-01  0.498345897  0.80935996 1.00 15318
mean.rO[2]       0.498048865 0.167229572  1.848066e-01  0.498119835  0.81410116 1.00  3341
mean.rO[3]       0.718134466 0.114231836  4.740701e-01  0.729850030  0.90493137 1.00  2914
mean.rO[4]       0.732178743 0.112037511  4.883546e-01  0.740639068  0.91888449 1.00  3024
mean.rO[5]       0.748889371 0.105549740  5.179570e-01  0.758925563  0.92241624 1.00  2949
mean.rO[6]       0.635745860 0.140760226  3.474894e-01  0.641776609  0.88145152 1.00  3599
mean.rO[7]       0.837787271 0.074131908  6.678249e-01  0.847225159  0.95153728 1.00  2912
mean.rO[8]       0.632549129 0.139127238  3.457519e-01  0.640825423  0.87384050 1.00  3293
mean.rO[9]       0.790322897 0.090316934  5.923998e-01  0.800182971  0.93359045 1.00  3062
mean.rO[10]      0.800035676 0.087467460  6.046381e-01  0.808962070  0.94112675 1.00  3029
mean.rO[11]      0.667773921 0.131515374  3.967302e-01  0.678480880  0.89527795 1.00  3337
mean.rO[12]      0.636753040 0.140871611  3.423155e-01  0.645496094  0.88255530 1.00  3168
mean.rO[13]      0.748445815 0.106612706  5.179724e-01  0.759359582  0.92472754 1.00  3378
mean.rO[14]      0.494051607 0.166147928  1.797671e-01  0.496501463  0.81245812 1.00  3751
mean.rO[15]      0.777295968 0.093855526  5.704524e-01  0.787121234  0.93113479 1.00  3272
mean.rO[16]      0.599229315 0.148588312  3.021563e-01  0.603429492  0.86451122 1.00  3474
mean.rO[17]      0.327432460 0.152109944  8.751317e-02  0.308776800  0.66183337 1.01  1435
mean.rR[1]       0.500490725 0.166995208  1.848683e-01  0.499994508  0.81604921 1.00 15127
mean.rR[2]       0.556223314 0.154867120  2.460282e-01  0.558215510  0.84461740 1.01  3589
mean.rR[3]       0.502371022 0.169394594  1.846068e-01  0.501745939  0.82859221 1.00  3266
mean.rR[4]       0.552848193 0.156422424  2.444942e-01  0.556495317  0.84050552 1.00  3453
mean.rR[5]       0.556696164 0.156264253  2.516221e-01  0.558922254  0.84514777 1.00  3248
mean.rR[6]       0.635380391 0.136777599  3.501106e-01  0.640591550  0.87589897 1.00  3384
mean.rR[7]       0.556211444 0.155378018  2.513417e-01  0.557469435  0.84054004 1.00  3815
mean.rR[8]       0.556368786 0.159470706  2.450869e-01  0.557266544  0.84677058 1.00  3355
mean.rR[9]       0.715828899 0.114939433  4.648804e-01  0.727048308  0.90596382 1.00  3290
mean.rR[10]      0.691890698 0.124380258  4.277745e-01  0.702727379  0.89848962 1.00  3164
mean.rR[11]      0.634652473 0.137074381  3.492022e-01  0.645979892  0.87133576 1.00  3520
mean.rR[12]      0.555665901 0.158211516  2.408849e-01  0.560859575  0.84692278 1.00  3328
mean.rR[13]      0.495085180 0.166477585  1.767794e-01  0.494384120  0.81778926 1.00  3394
mean.rR[14]      0.661754765 0.131903225  3.759292e-01  0.671665654  0.88768658 1.00  3315
mean.rR[15]      0.600375589 0.148091485  2.944271e-01  0.608851862  0.86320993 1.00  3130
mean.rR[16]      0.552664676 0.159145616  2.416995e-01  0.554355135  0.84576501 1.00  3627
mean.rR[17]      0.453026852 0.169260127  1.469376e-01  0.448049270  0.78595034 1.00  2572
mu.M[1]          0.007359198 0.006356611  3.022670e-04  0.005726519  0.02423687 1.01  1458
mu.M[2]          0.100266995 0.018943864  6.519855e-02  0.099047481  0.14017307 1.02  1730
mu.M[3]          0.027631536 0.007411866  1.520087e-02  0.026911918  0.04426004 1.01  2110
mu.M[4]          0.021473780 0.008544296  8.280354e-03  0.020296444  0.04122823 1.01  2219
mu.M[5]          0.041916217 0.012307899  2.133767e-02  0.040956638  0.06933066 1.02  2210
mu.R[1]          0.090845852 0.086926680  2.318654e-03  0.065040518  0.32373244 1.01  1300
mu.R[2]          0.206065593 0.113745986  3.823995e-02  0.191216046  0.47135607 1.01  1459
mu.R[3]          0.150468784 0.092371024  2.444200e-02  0.132504869  0.37320438 1.00   935
mu.R[4]          0.159408560 0.095267700  3.025575e-02  0.141835105  0.39000150 1.03   633
mu.R[5]          0.090543516 0.058281845  1.445825e-02  0.078308377  0.23558793 1.01   749
mu.phi[1]        0.969324677 0.016506587  9.274491e-01  0.972614648  0.99113969 1.01  1304
mu.phi[2]        0.958264455 0.017439468  9.163254e-01  0.961127736  0.98252236 1.02   778
mu.phi[3]        0.963944940 0.013705027  9.307586e-01  0.966173479  0.98376301 1.01   660
mu.phi[4]        0.917119651 0.028251430  8.539345e-01  0.920393788  0.96384062 1.01   420
mu.phi[5]        0.786071779 0.051595702  6.668237e-01  0.790874485  0.87157875 1.01   430
sigma.M          0.380027893 0.177993297  9.973126e-02  0.370771783  0.75714868 1.44    55
sigma.R          2.640687597 0.688668165  1.374381e+00  2.645368607  3.89581259 1.03   139
sigma.phi        1.120064847 0.220011787  7.347810e-01  1.102001737  1.61252816 1.04   298
veg[1]          -0.233981055 0.933867423 -2.064052e+00 -0.245043417  1.58698608 1.00  2450
veg[2]           1.786000000 0.000000000  1.786000e+00  1.786000000  1.78600000  NaN     0
veg[3]           2.190000000 0.000000000  2.190000e+00  2.190000000  2.19000000  NaN     0
veg[4]           1.651000000 0.000000000  1.651000e+00  1.651000000  1.65100000  NaN     0
veg[5]          -0.549000000 0.000000000 -5.490000e-01 -0.549000000 -0.54900000  NaN     0
veg[6]          -0.447000000 0.000000000 -4.470000e-01 -0.447000000 -0.44700000  NaN     0
veg[7]          -0.953000000 0.000000000 -9.530000e-01 -0.953000000 -0.95300000  NaN     0
veg[8]          -0.518000000 0.000000000 -5.180000e-01 -0.518000000 -0.51800000  NaN     0
veg[9]          -0.537000000 0.000000000 -5.370000e-01 -0.537000000 -0.53700000  NaN     0
veg[10]         -0.664000000 0.000000000 -6.640000e-01 -0.664000000 -0.66400000  NaN     0
veg[11]         -0.509000000 0.000000000 -5.090000e-01 -0.509000000 -0.50900000  NaN     0
veg[12]         -0.377000000 0.000000000 -3.770000e-01 -0.377000000 -0.37700000  NaN     0
veg[13]          0.075000000 0.000000000  7.500000e-02  0.075000000  0.07500000  NaN     0
veg[14]         -0.243000000 0.000000000 -2.430000e-01 -0.243000000 -0.24300000  NaN     0
veg[15]         -0.510000000 0.000000000 -5.100000e-01 -0.510000000 -0.51000000  NaN     0
veg[16]         -0.394000000 0.000000000 -3.940000e-01 -0.394000000 -0.39400000  NaN     0
veg[17]         -0.001195223 1.001587657 -1.966922e+00  0.009753431  1.97789008 1.00 15564
