Information and diagnostics 
=========================== 
Total iter:                       5000 
Thin:                             1 
Num chains:                       3 
Max Rhat:                         1.07 
Min n.eff:                        0 


Model summary 
============= 
                        mean          sd          2.5%          50%       97.5% Rhat n.eff
B.obsO           1.234241392 0.810784877 -3.741414e-01  1.229551941  2.80573080 1.00  1150
B.obsR           0.486862903 0.682894208 -8.638922e-01  0.480440075  1.83952466 1.00  1699
B.veg[1]        -0.238227748 0.466639581 -1.131330e+00 -0.238197998  0.73080271 1.00  1710
B.veg[2]        -0.083829980 0.388275991 -8.058135e-01 -0.089695617  0.71363887 1.01   980
B.veg[3]         0.086575233 0.399287191 -7.010925e-01  0.076894223  0.90147288 1.00   932
B.veg[4]        -0.058832869 0.405691693 -8.488416e-01 -0.057532347  0.73446622 1.01   853
B.veg[5]        -0.295529286 0.323411962 -9.352785e-01 -0.290502548  0.33526119 1.01   478
mean.M[1, 1]     0.008631277 0.008706226  3.518425e-04  0.006134339  0.03219006 1.01  1630
mean.M[2, 1]     0.094215681 0.038760071  3.100173e-02  0.090615499  0.18255184 1.01  1821
mean.M[3, 1]     0.029350017 0.014757160  8.470901e-03  0.026871302  0.06426244 1.00  3069
mean.M[4, 1]     0.022657340 0.013688498  5.336149e-03  0.019923479  0.05602368 1.00  2820
mean.M[5, 1]     0.040974765 0.020397418  1.214015e-02  0.037604980  0.09123832 1.00  2868
mean.M[1, 2]     0.008352574 0.008188755  3.513420e-04  0.006059006  0.02987199 1.00  1750
mean.M[2, 2]     0.144837266 0.058719625  6.752402e-02  0.131968073  0.29772268 1.02   586
mean.M[3, 2]     0.033597437 0.018325725  1.126036e-02  0.030023178  0.07854947 1.03  2070
mean.M[4, 2]     0.022586990 0.013678466  5.298950e-03  0.019704297  0.05735171 1.00  2782
mean.M[5, 2]     0.041334403 0.020935967  1.227764e-02  0.037774929  0.09204459 1.01  2588
mean.M[1, 3]     0.008392179 0.008398249  3.183042e-04  0.006049348  0.03059598 1.00  1784
mean.M[2, 3]     0.097707099 0.034373978  3.930157e-02  0.094717846  0.17571804 1.01  2355
mean.M[3, 3]     0.026570199 0.012545219  8.001410e-03  0.024960685  0.05609759 1.02  2773
mean.M[4, 3]     0.022542388 0.013213699  5.165029e-03  0.020168362  0.05396431 1.00  3040
mean.M[5, 3]     0.048048544 0.024579575  1.606842e-02  0.043268563  0.11075388 1.01  2211
mean.M[1, 4]     0.008660913 0.008733130  3.521718e-04  0.006244183  0.03201964 1.01  1764
mean.M[2, 4]     0.084598916 0.030267845  3.133511e-02  0.083203849  0.14849418 1.01   906
mean.M[3, 4]     0.025978174 0.012097059  7.416343e-03  0.024398435  0.05490018 1.00  2649
mean.M[4, 4]     0.021843897 0.012620780  5.350961e-03  0.019390482  0.05402685 1.00  3096
mean.M[5, 4]     0.041197583 0.020130706  1.221821e-02  0.038120345  0.09030161 1.00  2912
mean.M[1, 5]     0.008716022 0.008889325  3.589672e-04  0.006107002  0.03251641 1.01  1592
mean.M[2, 5]     0.112470126 0.041409593  4.763809e-02  0.106747149  0.21488081 1.01  2980
mean.M[3, 5]     0.027431669 0.011615189  9.647703e-03  0.025764980  0.05505635 1.00  3023
mean.M[4, 5]     0.021570030 0.012153073  5.293769e-03  0.019063381  0.05135821 1.00  3084
mean.M[5, 5]     0.040474628 0.019233477  1.182131e-02  0.037562071  0.08751954 1.00  2894
mean.M[1, 6]     0.008817496 0.009526514  3.093440e-04  0.006256837  0.03288104 1.02  1577
mean.M[2, 6]     0.101336537 0.037452059  4.091236e-02  0.097361275  0.18755709 1.00  3014
mean.M[3, 6]     0.026297824 0.010990331  9.179888e-03  0.024875790  0.05185869 1.01  2872
mean.M[4, 6]     0.026489833 0.016355208  7.329130e-03  0.022825219  0.06762562 1.02  2548
mean.M[5, 6]     0.042652540 0.021757586  1.206313e-02  0.038962269  0.09574540 1.01  2811
mean.M[1, 7]     0.008650536 0.008828331  3.259120e-04  0.006151707  0.03144589 1.00  1552
mean.M[2, 7]     0.093427150 0.038302503  3.000395e-02  0.089996871  0.18215640 1.00  2541
mean.M[3, 7]     0.030112717 0.012089190  1.161686e-02  0.028450178  0.05935016 1.01  3288
mean.M[4, 7]     0.021314884 0.012048983  5.295434e-03  0.019123180  0.05045885 1.00  2834
mean.M[5, 7]     0.043375914 0.022781080  1.276664e-02  0.039267170  0.09923049 1.02  3133
mean.M[1, 8]     0.008759182 0.009553957  3.239137e-04  0.006065794  0.03261766 1.01  1738
mean.M[2, 8]     0.123309073 0.050999869  5.234217e-02  0.113755120  0.25379852 1.01  1791
mean.M[3, 8]     0.027524078 0.011747848  9.455620e-03  0.025985220  0.05590884 1.00  2888
mean.M[4, 8]     0.028598732 0.016669942  8.212967e-03  0.024850092  0.07197371 1.01  2044
mean.M[5, 8]     0.042686538 0.022291261  1.257092e-02  0.038681376  0.09745621 1.01  2638
mean.M[1, 9]     0.008189087 0.007842265  3.300462e-04  0.005997338  0.02890679 1.00  1707
mean.M[2, 9]     0.106303150 0.042087913  4.170703e-02  0.100572498  0.20826747 1.00  2587
mean.M[3, 9]     0.042088755 0.022373491  1.621066e-02  0.036458693  0.10302752 1.01   656
mean.M[4, 9]     0.022686887 0.012125041  6.303514e-03  0.020518786  0.05190231 1.00  3095
mean.M[5, 9]     0.049474774 0.026972196  1.565162e-02  0.044021362  0.11356614 1.03  1833
mean.M[1, 10]    0.008327519 0.008315244  3.211956e-04  0.006035516  0.02960681 1.02  1726
mean.M[2, 10]    0.091946203 0.030507151  3.949160e-02  0.089694594  0.15950370 1.00  2400
mean.M[3, 10]    0.027058799 0.013078362  7.866495e-03  0.025146913  0.05880062 1.01  2907
mean.M[4, 10]    0.019703845 0.010353489  4.804881e-03  0.017928185  0.04488113 1.00  2735
mean.M[5, 10]    0.047427886 0.023923086  1.550507e-02  0.042946866  0.10855261 1.01  2669
mean.M[1, 11]    0.008297284 0.008140821  3.307112e-04  0.006043226  0.02974031 1.01  1670
mean.M[2, 11]    0.087859819 0.029555735  3.584667e-02  0.086082841  0.15249456 1.00  1618
mean.M[3, 11]    0.027411265 0.012848562  8.231049e-03  0.025613282  0.05789794 1.00  2959
mean.M[4, 11]    0.023464961 0.012369701  6.925319e-03  0.021074402  0.05426886 1.00  3046
mean.M[5, 11]    0.037441479 0.017538698  1.083267e-02  0.035193497  0.07740710 1.00  2722
mean.M[1, 12]    0.008275679 0.008025103  3.324152e-04  0.006046615  0.02964963 1.01  1640
mean.M[2, 12]    0.133643053 0.045170072  6.761784e-02  0.125451124  0.24061635 1.01  2073
mean.M[3, 12]    0.028704452 0.012783424  9.996185e-03  0.026684516  0.05880588 1.01  2918
mean.M[4, 12]    0.021296948 0.012769669  4.661473e-03  0.018827843  0.05173498 1.01  2538
mean.M[5, 12]    0.045141936 0.019029140  1.703639e-02  0.042046533  0.09155569 1.00  3117
mean.M[1, 13]    0.008452032 0.008432936  3.573289e-04  0.006119927  0.03104161 1.00  1701
mean.M[2, 13]    0.155034120 0.051047107  8.147236e-02  0.145660027  0.27729491 1.01   410
mean.M[3, 13]    0.031764808 0.013691381  1.274110e-02  0.029381534  0.06488098 1.01  3291
mean.M[4, 13]    0.026040952 0.015753958  7.011078e-03  0.022459125  0.06732935 1.00  2752
mean.M[5, 13]    0.054238099 0.022380773  2.251756e-02  0.050054175  0.10915624 1.01  1646
mean.M[1, 14]    0.008260943 0.008005850  3.339034e-04  0.005989963  0.02912377 1.00  1668
mean.M[2, 14]    0.076094439 0.030112371  2.263954e-02  0.074453176  0.13957872 1.01   464
mean.M[3, 14]    0.030713483 0.012997236  1.169619e-02  0.028473191  0.06162135 1.00  3383
mean.M[4, 14]    0.021859990 0.012827568  5.359004e-03  0.019407731  0.05413904 1.01  2948
mean.M[5, 14]    0.039664344 0.017153809  1.294977e-02  0.037227066  0.08080403 1.00  3186
mean.M[1, 15]    0.009286801 0.009068523  3.270134e-04  0.006820170  0.03328306 1.00  1596
mean.M[2, 15]    0.104088075 0.032310612  4.971855e-02  0.101469151  0.17776602 1.00  3228
mean.M[3, 15]    0.029316757 0.011880977  1.145012e-02  0.027399237  0.05791848 1.00  3165
mean.M[4, 15]    0.022297709 0.013148883  5.681295e-03  0.019790341  0.05517946 1.00  2954
mean.M[5, 15]    0.042329022 0.017699551  1.491131e-02  0.039573656  0.08427636 1.00  3021
mean.M[1, 16]    0.008280005 0.008495795  3.514984e-04  0.006044567  0.02960966 1.02  1760
mean.M[2, 16]    0.096776989 0.033843625  3.571009e-02  0.094825609  0.17117722 1.01  1763
mean.M[3, 16]    0.026288218 0.011613709  8.433564e-03  0.024735252  0.05363599 1.01  2477
mean.M[4, 16]    0.021069515 0.011743162  5.036828e-03  0.018855630  0.04962104 1.01  2881
mean.M[5, 16]    0.042259929 0.018090214  1.492032e-02  0.039385925  0.08683878 1.01  3217
mean.Pi[1]       0.889125086 0.099761118  6.287474e-01  0.916758315  0.99690850 1.00 14615
mean.Pi[2]       0.977367878 0.022460248  9.140456e-01  0.984283446  0.99940104 1.05  1353
mean.Pi[3]       0.983123478 0.016544196  9.377272e-01  0.987919939  0.99953393 1.02  1405
mean.Pi[4]       0.986889991 0.012261324  9.542346e-01  0.990465788  0.99962349 1.00  1354
mean.Pi[5]       0.977390812 0.016012048  9.368817e-01  0.981068338  0.99771501 1.01  2187
mean.Pi[6]       0.990070578 0.009741496  9.642466e-01  0.993060757  0.99975943 1.01  1350
mean.Pi[7]       0.987595180 0.012551473  9.552407e-01  0.991286638  0.99965667 1.02  1210
mean.Pi[8]       0.988380945 0.011874849  9.562392e-01  0.991941122  0.99968332 1.00  1079
mean.Pi[9]       0.986082887 0.013736094  9.480854e-01  0.990576826  0.99959142 1.00  1180
mean.Pi[10]      0.987869993 0.011681476  9.562446e-01  0.991418654  0.99966889 1.00  1398
mean.Pi[11]      0.988630076 0.011103511  9.584874e-01  0.992114844  0.99977563 1.00  1240
mean.Pi[12]      0.990499008 0.009317144  9.649803e-01  0.993399536  0.99978645 1.01  1192
mean.Pi[13]      0.990077361 0.009750227  9.638339e-01  0.993058997  0.99970190 1.00  1255
mean.Pi[14]      0.989101947 0.011217166  9.582323e-01  0.992769376  0.99968081 1.02  1179
mean.Pi[15]      0.989246105 0.011042273  9.592525e-01  0.992821059  0.99969500 1.01  1033
mean.Pi[16]      0.978543101 0.014619143  9.424861e-01  0.981576256  0.99794512 1.00  1594
mean.Pi[17]      0.979036182 0.017281433  9.358658e-01  0.983520953  0.99910115 1.01   900
mean.Po[1]       0.499121689 0.166173520  1.842537e-01  0.499514539  0.81430862 1.00 15000
mean.Po[2]       0.497373953 0.167714720  1.747608e-01  0.495042632  0.81159325 1.00  3425
mean.Po[3]       0.388499132 0.130961271  1.525673e-01  0.381916610  0.65182335 1.00  3328
mean.Po[4]       0.311044592 0.111045412  1.190170e-01  0.304508569  0.54719962 1.00  3489
mean.Po[5]       0.293637310 0.107881424  1.092283e-01  0.285223205  0.52878053 1.00  3411
mean.Po[6]       0.250820122 0.093891939  8.956818e-02  0.244063468  0.45532673 1.00  3253
mean.Po[7]       0.174341640 0.075477991  5.082192e-02  0.166464917  0.33879747 1.00  3185
mean.Po[8]       0.199240740 0.078933961  7.118676e-02  0.189366008  0.37435758 1.00  3158
mean.Po[9]       0.167840914 0.067003446  5.728460e-02  0.160194740  0.31393886 1.00  3065
mean.Po[10]      0.193710160 0.064603093  8.534340e-02  0.187935946  0.33670133 1.00  3235
mean.Po[11]      0.158337222 0.058743025  6.011931e-02  0.152260477  0.28908083 1.00  3228
mean.Po[12]      0.171954619 0.058818276  7.362554e-02  0.167253268  0.29801634 1.00  3190
mean.Po[13]      0.085655769 0.040903994  2.382091e-02  0.079809281  0.18124581 1.00  2881
mean.Po[14]      0.063531117 0.030921305  1.811156e-02  0.058493885  0.13716117 1.00  2983
mean.Po[15]      0.062241086 0.030400888  1.747574e-02  0.057572657  0.13306182 1.00  2754
mean.Po[16]      0.054002715 0.025256710  1.538911e-02  0.050307297  0.11288419 1.00  3175
mean.Po[17]      0.070327804 0.031381459  2.270777e-02  0.066315153  0.14361130 1.00  2693
mean.R[1, 1]     0.201544811 0.279948575  1.026740e-04  0.056602427  0.95452268 1.01  2576
mean.R[2, 1]     0.325199714 0.323551420  5.714842e-04  0.200800441  0.98001491 1.00  3538
mean.R[3, 1]     0.275065888 0.312187464  4.046747e-04  0.127940625  0.97958294 1.00  3102
mean.R[4, 1]     0.293139908 0.315278437  6.021479e-04  0.151644040  0.97903571 1.00  3404
mean.R[5, 1]     0.548275352 0.308573387  3.268776e-02  0.574409148  0.99253072 1.00  1568
mean.R[1, 2]     0.203778656 0.282707751  1.064932e-04  0.054591970  0.95712527 1.01  3120
mean.R[2, 2]     0.319445416 0.323831626  5.322259e-04  0.188490265  0.98015145 1.00  2739
mean.R[3, 2]     0.264779989 0.305929895  2.890900e-04  0.118895603  0.97366399 1.00  2991
mean.R[4, 2]     0.288710538 0.316622274  4.068018e-04  0.143285795  0.97737993 1.00  2744
mean.R[5, 2]     0.044304647 0.065273228  9.835600e-05  0.018099955  0.23900471 1.00  3543
mean.R[1, 3]     0.110272630 0.171738095  8.424278e-05  0.033300806  0.64408939 1.00  3343
mean.R[2, 3]     0.642118112 0.284121805  7.245257e-02  0.701518324  0.99488856 1.00  2748
mean.R[3, 3]     0.269740152 0.311164578  3.570744e-04  0.122912415  0.97929584 1.00  3069
mean.R[4, 3]     0.109515003 0.149791595  2.440005e-04  0.045918673  0.54721258 1.01  3040
mean.R[5, 3]     0.053945399 0.082085961  1.112213e-04  0.021465422  0.29447342 1.01  3362
mean.R[1, 4]     0.199371358 0.280592393  9.512475e-05  0.054404287  0.95046077 1.00  3095
mean.R[2, 4]     0.414368342 0.253667936  3.157387e-02  0.387069494  0.91288431 1.00  3727
mean.R[3, 4]     0.081085057 0.113743410  1.498592e-04  0.035055176  0.41759156 1.00  3286
mean.R[4, 4]     0.285878637 0.315781369  4.259485e-04  0.137395082  0.98149418 1.00  2872
mean.R[5, 4]     0.053806571 0.080473759  9.811328e-05  0.021681796  0.30168165 1.00  3529
mean.R[1, 5]     0.196634055 0.277419990  9.149693e-05  0.054540572  0.96015936 1.00  3042
mean.R[2, 5]     0.316115616 0.321711042  7.141972e-04  0.185554988  0.97831625 1.00  3026
mean.R[3, 5]     0.795248123 0.187727301  3.257274e-01  0.854073682  0.99671694 1.00  1859
mean.R[4, 5]     0.280898497 0.316398015  4.011383e-04  0.129589524  0.97555092 1.00  2999
mean.R[5, 5]     0.068235756 0.100310380  1.425176e-04  0.027262652  0.36564651 1.00  3781
mean.R[1, 6]     0.203411672 0.282696456  9.783287e-05  0.058134112  0.95783339 1.00  2869
mean.R[2, 6]     0.328029009 0.327927602  8.106349e-04  0.197787549  0.98235492 1.00  3342
mean.R[3, 6]     0.263367334 0.305237888  3.507697e-04  0.117278153  0.96959261 1.00  3346
mean.R[4, 6]     0.051123606 0.071428006  1.580419e-04  0.023264333  0.26287771 1.01  2472
mean.R[5, 6]     0.093368352 0.078544953  5.071498e-03  0.071903451  0.29738562 1.00  3823
mean.R[1, 7]     0.205875536 0.284004473  1.324467e-04  0.058532660  0.96145018 1.00  2711
mean.R[2, 7]     0.169533751 0.208129789  4.334832e-04  0.081457144  0.75659459 1.00  3573
mean.R[3, 7]     0.105512456 0.144318172  1.906659e-04  0.043996495  0.53857791 1.00  3097
mean.R[4, 7]     0.284156022 0.311414051  5.347086e-04  0.140550349  0.97756711 1.00  2910
mean.R[5, 7]     0.557213409 0.299405302  4.299179e-02  0.578771588  0.99265251 1.00  2123
mean.R[1, 8]     0.207878295 0.287124383  1.239614e-04  0.059357103  0.96398938 1.00  2954
mean.R[2, 8]     0.320669332 0.326323407  4.622512e-04  0.185496194  0.98344481 1.00  3290
mean.R[3, 8]     0.435429822 0.208014127  8.297036e-02  0.425563279  0.84769555 1.00  3354
mean.R[4, 8]     0.389732881 0.163785272  1.093962e-01  0.378102267  0.72572336 1.00  3958
mean.R[5, 8]     0.153054251 0.124390027  8.491351e-03  0.119660689  0.47557193 1.00  4079
mean.R[1, 9]     0.191632186 0.273419975  1.066473e-04  0.053500216  0.94767232 1.01  2846
mean.R[2, 9]     0.311879387 0.321575090  5.416030e-04  0.175288687  0.97817724 1.00  3219
mean.R[3, 9]     0.552813411 0.231233982  1.211832e-01  0.560260486  0.94488869 1.00  3303
mean.R[4, 9]     0.394791324 0.166894949  1.043522e-01  0.385608514  0.73499723 1.00  3857
mean.R[5, 9]     0.038573694 0.057575296  9.322692e-05  0.015867758  0.20584815 1.00  3258
mean.R[1, 10]    0.102739701 0.162685218  9.038212e-05  0.029590891  0.61624875 1.00  3707
mean.R[2, 10]    0.318484872 0.323603616  5.448813e-04  0.185932809  0.98352279 1.01  3075
mean.R[3, 10]    0.138418730 0.187472807  1.814777e-04  0.056004338  0.69801552 1.00  3240
mean.R[4, 10]    0.532919596 0.193562011  1.596403e-01  0.536673479  0.88118181 1.00  3847
mean.R[5, 10]    0.217434778 0.283288683  2.827365e-04  0.072474101  0.95372817 1.00  3273
mean.R[1, 11]    0.197439321 0.276788086  1.374386e-04  0.054181719  0.94625483 1.00  2881
mean.R[2, 11]    0.304953907 0.211183551  1.908068e-02  0.267284630  0.78776513 1.00  3904
mean.R[3, 11]    0.260551618 0.302215117  3.449660e-04  0.119292203  0.96994079 1.00  2961
mean.R[4, 11]    0.290499905 0.318409453  5.103137e-04  0.143276574  0.97642001 1.00  3127
mean.R[5, 11]    0.113923367 0.169144611  1.761669e-04  0.039738358  0.64688477 1.00  3374
mean.R[1, 12]    0.199074498 0.278959977  1.178982e-04  0.055295762  0.95213682 1.00  3003
mean.R[2, 12]    0.319114205 0.322613396  8.196884e-04  0.186059038  0.97880693 1.00  3576
mean.R[3, 12]    0.152383821 0.199678743  1.736473e-04  0.065674647  0.73093014 1.01  2984
mean.R[4, 12]    0.147983863 0.192483869  3.141003e-04  0.064723983  0.71684235 1.00  3130
mean.R[5, 12]    0.043856377 0.064945716  1.013708e-04  0.017786972  0.23226103 1.00  3077
mean.R[1, 13]    0.196746032 0.277305299  1.019030e-04  0.056442515  0.95713080 1.00  2584
mean.R[2, 13]    0.638926501 0.289782398  6.472820e-02  0.708530197  0.99591190 1.00  3025
mean.R[3, 13]    0.260692784 0.306088092  2.541367e-04  0.114809565  0.97289575 1.00  2762
mean.R[4, 13]    0.278600860 0.308392723  4.856818e-04  0.137879818  0.97328509 1.00  3032
mean.R[5, 13]    0.770542976 0.203999129  2.747847e-01  0.829345170  0.99675787 1.01  1106
mean.R[1, 14]    0.201685584 0.280223739  1.026814e-04  0.055659282  0.95788624 1.00  3131
mean.R[2, 14]    0.118890177 0.153495802  2.991853e-04  0.057361955  0.56382943 1.00  3352
mean.R[3, 14]    0.261278195 0.303861905  3.083450e-04  0.120043137  0.97056457 1.00  3177
mean.R[4, 14]    0.606563759 0.294096539  5.967020e-02  0.649707051  0.99503811 1.00  2251
mean.R[5, 14]    0.109468886 0.091862655  6.122500e-03  0.084370368  0.35383279 1.00  3947
mean.R[1, 15]    0.201149655 0.280750959  9.590153e-05  0.055523908  0.95879003 1.00  2884
mean.R[2, 15]    0.636266175 0.283569201  7.169716e-02  0.687122781  0.99585492 1.00  2866
mean.R[3, 15]    0.144217475 0.193771461  2.831891e-04  0.059703895  0.71080588 1.00  3400
mean.R[4, 15]    0.279665933 0.310534944  4.585307e-04  0.137379429  0.97737746 1.00  2855
mean.R[5, 15]    0.114123543 0.171683727  1.562593e-04  0.037342503  0.64600236 1.00  3366
mean.R[1, 16]    0.194036194 0.278771433  1.312157e-04  0.050081782  0.95217694 1.00  2974
mean.R[2, 16]    0.231311097 0.277607993  4.862832e-04  0.104803970  0.94838504 1.01  1660
mean.R[3, 16]    0.216929423 0.275511314  3.055685e-04  0.082006126  0.94049479 1.00  2327
mean.R[4, 16]    0.225811722 0.278829523  3.615332e-04  0.096163308  0.96128567 1.01  1776
mean.R[5, 16]    0.105102527 0.192639228  1.157815e-04  0.027347937  0.80818590 1.03   437
mean.phi[1, 1]   0.967359011 0.037690814  8.613313e-01  0.979883121  0.99827910 1.00  3900
mean.phi[2, 1]   0.959915643 0.040106856  8.480772e-01  0.972425251  0.99718306 1.00  3275
mean.phi[3, 1]   0.953036442 0.052950980  8.002367e-01  0.970426147  0.99705063 1.00  3283
mean.phi[4, 1]   0.925994361 0.066366864  7.413527e-01  0.945672425  0.99390202 1.00  3166
mean.phi[5, 1]   0.873841162 0.072811422  7.011301e-01  0.886520583  0.97533733 1.00  3899
mean.phi[1, 2]   0.960670419 0.040463544  8.493161e-01  0.973383022  0.99786547 1.00  4167
mean.phi[2, 2]   0.961289775 0.036362989  8.618734e-01  0.972295174  0.99754747 1.00  3582
mean.phi[3, 2]   0.968592425 0.033070307  8.794344e-01  0.979327667  0.99827771 1.00  3058
mean.phi[4, 2]   0.925887738 0.067522608  7.413219e-01  0.946249326  0.99513166 1.00  2734
mean.phi[5, 2]   0.617116490 0.113671913  3.815432e-01  0.624632466  0.81924522 1.00  3372
mean.phi[1, 3]   0.926123091 0.063832881  7.586700e-01  0.944257312  0.99471455 1.00  5090
mean.phi[2, 3]   0.952176563 0.035454856  8.601415e-01  0.960658355  0.99430706 1.00  4343
mean.phi[3, 3]   0.976203352 0.023319220  9.118252e-01  0.983458190  0.99878557 1.00  2507
mean.phi[4, 3]   0.816983839 0.116641314  5.328183e-01  0.842302919  0.97323553 1.00  3312
mean.phi[5, 3]   0.698889736 0.109971751  4.599631e-01  0.706770189  0.88475896 1.00  4099
mean.phi[1, 4]   0.944631746 0.063226928  7.637635e-01  0.966719623  0.99777064 1.01  3783
mean.phi[2, 4]   0.940540833 0.035600882  8.529843e-01  0.947752950  0.98833719 1.00  4632
mean.phi[3, 4]   0.929895823 0.040269866  8.321157e-01  0.937529421  0.98482256 1.00  4383
mean.phi[4, 4]   0.943486639 0.048647249  8.142931e-01  0.956958359  0.99545634 1.00  2633
mean.phi[5, 4]   0.691605332 0.112128612  4.485382e-01  0.700438191  0.88150996 1.00  3748
mean.phi[1, 5]   0.971050514 0.031509887  8.858713e-01  0.980783424  0.99832123 1.01  3592
mean.phi[2, 5]   0.967407752 0.030358339  8.886219e-01  0.976265779  0.99712861 1.00  3387
mean.phi[3, 5]   0.948380136 0.027021064  8.826567e-01  0.953369782  0.98572263 1.00  3867
mean.phi[4, 5]   0.952074062 0.038152141  8.532257e-01  0.962479708  0.99479988 1.00  2921
mean.phi[5, 5]   0.799284152 0.085275007  6.046261e-01  0.808880434  0.93414946 1.00  3712
mean.phi[1, 6]   0.957692534 0.058022038  8.061184e-01  0.976248372  0.99796874 1.00  2308
mean.phi[2, 6]   0.963898040 0.033151016  8.727763e-01  0.974315472  0.99680353 1.00  3510
mean.phi[3, 6]   0.984067134 0.012303525  9.520940e-01  0.987270591  0.99818747 1.00  2700
mean.phi[4, 6]   0.706220443 0.095176166  5.042837e-01  0.713177348  0.87277076 1.00  3171
mean.phi[5, 6]   0.416040756 0.116451941  2.002562e-01  0.413101732  0.65025141 1.00  2622
mean.phi[1, 7]   0.965982648 0.041568898  8.454601e-01  0.980268380  0.99849011 1.01  3162
mean.phi[2, 7]   0.926311742 0.060407957  7.623309e-01  0.942892876  0.99177575 1.01  3186
mean.phi[3, 7]   0.964604329 0.020275536  9.137380e-01  0.968377423  0.99216041 1.00  3770
mean.phi[4, 7]   0.958860105 0.031754296  8.766657e-01  0.966742118  0.99545016 1.00  2637
mean.phi[5, 7]   0.818031275 0.109759678  5.505009e-01  0.840443940  0.96741003 1.00  3171
mean.phi[1, 8]   0.960817705 0.051524399  8.228104e-01  0.977619247  0.99815288 1.03  2556
mean.phi[2, 8]   0.960306701 0.038225558  8.554136e-01  0.972479790  0.99681648 1.01  3192
mean.phi[3, 8]   0.932924059 0.031549535  8.572370e-01  0.938262831  0.97834501 1.00  3739
mean.phi[4, 8]   0.819707580 0.060359429  6.868890e-01  0.825640282  0.92044109 1.00  3974
mean.phi[5, 8]   0.527531972 0.133939276  2.614634e-01  0.529422922  0.77930010 1.00  2522
mean.phi[1, 9]   0.979171874 0.019613122  9.267816e-01  0.985014325  0.99816854 1.00  4008
mean.phi[2, 9]   0.961127291 0.038181598  8.532884e-01  0.973094195  0.99689203 1.00  3296
mean.phi[3, 9]   0.914534802 0.046552839  8.025873e-01  0.923865900  0.97804384 1.00  3630
mean.phi[4, 9]   0.865238122 0.046042032  7.633893e-01  0.869927832  0.94190991 1.00  3921
mean.phi[5, 9]   0.550557379 0.119734247  3.086200e-01  0.555286125  0.77527183 1.00  2673
mean.phi[1, 10]  0.947822328 0.046166780  8.247856e-01  0.960998704  0.99470359 1.00  3567
mean.phi[2, 10]  0.976199311 0.019909638  9.224285e-01  0.981682189  0.99775124 1.00  3187
mean.phi[3, 10]  0.952410472 0.035720839  8.589527e-01  0.961868302  0.99336434 1.00  3233
mean.phi[4, 10]  0.896172550 0.040850773  8.062231e-01  0.900925642  0.96195590 1.00  3901
mean.phi[5, 10]  0.921329506 0.054053707  7.857855e-01  0.933503374  0.98960194 1.00  2293
mean.phi[1, 11]  0.975722322 0.023848962  9.095137e-01  0.983020679  0.99830883 1.00  3850
mean.phi[2, 11]  0.935114353 0.033792765  8.523389e-01  0.940973117  0.98273498 1.00  4270
mean.phi[3, 11]  0.971561026 0.024614649  9.034206e-01  0.978716374  0.99729650 1.00  3081
mean.phi[4, 11]  0.968302770 0.023022316  9.098671e-01  0.973841317  0.99604150 1.00  2577
mean.phi[5, 11]  0.918300025 0.044808055  8.131199e-01  0.926130560  0.98196084 1.00  3397
mean.phi[1, 12]  0.975600766 0.024224010  9.082550e-01  0.983153773  0.99819424 1.01  3642
mean.phi[2, 12]  0.973585919 0.022759142  9.126928e-01  0.979958706  0.99745330 1.00  3138
mean.phi[3, 12]  0.967662949 0.022192728  9.105958e-01  0.973077532  0.99456529 1.00  3246
mean.phi[4, 12]  0.933344360 0.043355110  8.234831e-01  0.942895800  0.98873103 1.00  3551
mean.phi[5, 12]  0.854835125 0.048346991  7.472968e-01  0.859595952  0.93580400 1.00  3912
mean.phi[1, 13]  0.970643470 0.029161225  8.886642e-01  0.979569674  0.99778292 1.00  3511
mean.phi[2, 13]  0.962519524 0.025612564  8.967241e-01  0.968428237  0.99378211 1.00  3524
mean.phi[3, 13]  0.981857495 0.014765148  9.428204e-01  0.985869352  0.99812779 1.00  3063
mean.phi[4, 13]  0.946250347 0.042371865  8.354501e-01  0.957509910  0.99406375 1.00  3489
mean.phi[5, 13]  0.913383269 0.036998583  8.280718e-01  0.918319548  0.97074791 1.00  3175
mean.phi[1, 14]  0.971568657 0.028633824  8.943339e-01  0.980244686  0.99806709 1.00  3160
mean.phi[2, 14]  0.941743460 0.036778274  8.488567e-01  0.950561013  0.98810450 1.00  3494
mean.phi[3, 14]  0.983098069 0.012992276  9.494472e-01  0.986473672  0.99797642 1.01  2808
mean.phi[4, 14]  0.920658903 0.052541725  7.872594e-01  0.932768664  0.98651095 1.00  3313
mean.phi[5, 14]  0.815165519 0.052866608  7.022906e-01  0.819599667  0.90576023 1.00  3595
mean.phi[1, 15]  0.980578355 0.018084247  9.312650e-01  0.986003978  0.99840818 1.00  3715
mean.phi[2, 15]  0.965277321 0.024040549  9.019692e-01  0.971315346  0.99427993 1.00  3192
mean.phi[3, 15]  0.976940954 0.014767597  9.400058e-01  0.980274427  0.99572512 1.00  3701
mean.phi[4, 15]  0.941337670 0.048671980  8.116274e-01  0.954534112  0.99444054 1.00  3124
mean.phi[5, 15]  0.946024617 0.029552957  8.757342e-01  0.951368956  0.98742132 1.00  2645
mean.phi[1, 16]  0.977728136 0.021598954  9.189062e-01  0.984226933  0.99840640 1.00  3366
mean.phi[2, 16]  0.958988984 0.034428956  8.693745e-01  0.968588908  0.99684993 1.01  1208
mean.phi[3, 16]  0.973110823 0.021875486  9.149955e-01  0.979271974  0.99726875 1.00  2254
mean.phi[4, 16]  0.951739129 0.035891593  8.595917e-01  0.960190204  0.99470273 1.01  1973
mean.phi[5, 16]  0.824141769 0.106214103  5.786053e-01  0.839382817  0.97831779 1.01   651
mean.rO[1]       0.516218642 0.381663477  8.633216e-04  0.546057034  0.99903468 1.00  4397
mean.rO[2]       0.520363056 0.379968563  9.067882e-04  0.562667781  0.99912044 1.00  2843
mean.rO[3]       0.960698473 0.061871798  7.741129e-01  0.985478928  0.99993985 1.01  4212
mean.rO[4]       0.974705512 0.046024206  8.351252e-01  0.992849726  0.99998034 1.00  4676
mean.rO[5]       0.972854814 0.045229198  8.419265e-01  0.990581420  0.99995504 1.00  4457
mean.rO[6]       0.943036231 0.098465448  6.337775e-01  0.984188552  0.99995028 1.00  3853
mean.rO[7]       0.980542836 0.029479464  8.963956e-01  0.992061326  0.99993512 1.00  3921
mean.rO[8]       0.946948574 0.094077221  6.521953e-01  0.985463315  0.99995305 1.00  3919
mean.rO[9]       0.978518413 0.036053439  8.734011e-01  0.992574700  0.99997290 1.03  4484
mean.rO[10]      0.979808940 0.034428605  8.799000e-01  0.993590217  0.99997622 1.01  4497
mean.rO[11]      0.957963441 0.078646794  7.095314e-01  0.989219425  0.99996860 1.01  4192
mean.rO[12]      0.938131215 0.098572004  6.352122e-01  0.979511470  0.99992658 1.00  3976
mean.rO[13]      0.947408706 0.070130154  7.457827e-01  0.975119448  0.99984412 1.00  3602
mean.rO[14]      0.514113746 0.382745328  9.683486e-04  0.539504970  0.99915256 1.00  2892
mean.rO[15]      0.964416657 0.051450494  8.124096e-01  0.984845506  0.99989380 1.01  3438
mean.rO[16]      0.892594983 0.150171449  4.442861e-01  0.955616132  0.99981692 1.00  3962
mean.rO[17]      0.085720803 0.171182867  1.930266e-04  0.026860583  0.77578276 1.03   641
mean.rR[1]       0.693531410 0.290844211  2.016107e-02  0.799183449  0.99686842 1.01  1544
mean.rR[2]       0.794924118 0.201645935  2.428054e-01  0.860046811  0.99813913 1.00  2648
mean.rR[3]       0.805696929 0.240274357  4.500326e-02  0.897465525  0.99840280 1.01   811
mean.rR[4]       0.892871904 0.140890761  4.472346e-01  0.942098874  0.99917993 1.01  3570
mean.rR[5]       0.883673546 0.145126170  4.336118e-01  0.931485555  0.99924276 1.02  2827
mean.rR[6]       0.914618781 0.090562395  6.624718e-01  0.941233976  0.99928258 1.00  3467
mean.rR[7]       0.868229341 0.149461621  4.118430e-01  0.916192576  0.99886168 1.01  2902
mean.rR[8]       0.886553028 0.140651191  4.500248e-01  0.933612184  0.99912659 1.01  3016
mean.rR[9]       0.934076430 0.068027212  7.478509e-01  0.954290571  0.99953023 1.00  2845
mean.rR[10]      0.932530455 0.072016855  7.345514e-01  0.954718386  0.99944334 1.01  3126
mean.rR[11]      0.918845751 0.093556680  6.591549e-01  0.948418387  0.99956347 1.01  3005
mean.rR[12]      0.874967321 0.143476525  4.406418e-01  0.919792424  0.99861937 1.02  2880
mean.rR[13]      0.696202808 0.288927600  1.793227e-02  0.799125797  0.99614220 1.00  1363
mean.rR[14]      0.863423730 0.133403172  5.102723e-01  0.904912794  0.99871842 1.01  1747
mean.rR[15]      0.867260736 0.134457229  4.783803e-01  0.905256118  0.99830788 1.01  2420
mean.rR[16]      0.842678566 0.168300248  3.469403e-01  0.896079896  0.99821892 1.01  2502
mean.rR[17]      0.621603282 0.327937279  5.526013e-03  0.738517051  0.99273609 1.02   525
mu.M[1]          0.007971272 0.006685396  3.568034e-04  0.006391137  0.02573856 1.01  1263
mu.M[2]          0.099644306 0.019494590  6.208669e-02  0.098722101  0.14024364 1.01  1217
mu.M[3]          0.027667651 0.007482775  1.504629e-02  0.026864811  0.04451584 1.00  2043
mu.M[4]          0.021520643 0.008613699  8.129344e-03  0.020257257  0.04139431 1.01  2499
mu.M[5]          0.041353344 0.011967056  2.065353e-02  0.040215303  0.06744660 1.00  2121
mu.R[1]          0.088758535 0.083031965  2.132778e-03  0.063334779  0.31174520 1.00  1435
mu.R[2]          0.203988743 0.111317098  4.134514e-02  0.185786270  0.46153294 1.00  1295
mu.R[3]          0.143107772 0.094653009  1.711672e-02  0.123672271  0.37218374 1.00   793
mu.R[4]          0.160062647 0.093978419  2.438985e-02  0.143238953  0.39037281 1.01   635
mu.R[5]          0.088390028 0.060296245  1.583214e-02  0.073665276  0.24270683 1.00   572
mu.phi[1]        0.968776912 0.016682643  9.270747e-01  0.971865436  0.99113665 1.02  1375
mu.phi[2]        0.957218177 0.017109934  9.177274e-01  0.960003600  0.98162643 1.02   875
mu.phi[3]        0.963335590 0.014894551  9.286637e-01  0.966102567  0.98376434 1.02   537
mu.phi[4]        0.915340722 0.027856586  8.490536e-01  0.919480968  0.95890424 1.01   554
mu.phi[5]        0.776577739 0.052709741  6.550603e-01  0.781569857  0.86773118 1.00   443
mu.rO            0.835100100 0.102535331  5.823939e-01  0.856188653  0.97197949 1.01   862
mu.rR            0.851838238 0.092076780  6.085800e-01  0.873563398  0.96674888 1.01   612
sigma.M          0.411171384 0.183085299  1.285451e-01  0.387067329  0.85384573 1.07    59
sigma.R          2.645600402 0.684078849  1.388720e+00  2.631962604  3.89305749 1.01   139
sigma.phi        1.076899633 0.218093642  7.020948e-01  1.058375053  1.55300294 1.03   269
sigma.rO         3.115175748 0.720637678  1.179644e+00  3.293463356  3.97337314 1.01   413
sigma.rR         1.566180876 1.103840117  1.910181e-01  1.284239047  3.84535614 1.06    93
veg[1]          -0.205685289 0.961725336 -2.022873e+00 -0.225392157  1.76159406 1.01  2431
veg[2]           1.786000000 0.000000000  1.786000e+00  1.786000000  1.78600000  NaN     0
veg[3]           2.190000000 0.000000000  2.190000e+00  2.190000000  2.19000000  NaN     0
veg[4]           1.651000000 0.000000000  1.651000e+00  1.651000000  1.65100000  NaN     0
veg[5]          -0.549000000 0.000000000 -5.490000e-01 -0.549000000 -0.54900000  NaN     0
veg[6]          -0.447000000 0.000000000 -4.470000e-01 -0.447000000 -0.44700000  NaN     0
veg[7]          -0.953000000 0.000000000 -9.530000e-01 -0.953000000 -0.95300000  NaN     0
veg[8]          -0.518000000 0.000000000 -5.180000e-01 -0.518000000 -0.51800000  NaN     0
veg[9]          -0.537000000 0.000000000 -5.370000e-01 -0.537000000 -0.53700000  NaN     0
veg[10]         -0.664000000 0.000000000 -6.640000e-01 -0.664000000 -0.66400000  NaN     0
veg[11]         -0.509000000 0.000000000 -5.090000e-01 -0.509000000 -0.50900000  NaN     0
veg[12]         -0.377000000 0.000000000 -3.770000e-01 -0.377000000 -0.37700000  NaN     0
veg[13]          0.075000000 0.000000000  7.500000e-02  0.075000000  0.07500000  NaN     0
veg[14]         -0.243000000 0.000000000 -2.430000e-01 -0.243000000 -0.24300000  NaN     0
veg[15]         -0.510000000 0.000000000 -5.100000e-01 -0.510000000 -0.51000000  NaN     0
veg[16]         -0.394000000 0.000000000 -3.940000e-01 -0.394000000 -0.39400000  NaN     0
veg[17]          0.006985264 1.007636562 -1.953753e+00  0.010804414  1.99788788 1.00 15246
