Information and diagnostics 
=========================== 
Total iter:                       5000 
Thin:                             1 
Num chains:                       3 
Max Rhat:                         1.07 
Min n.eff:                        0 


Model summary 
============= 
                   mean          sd        2.5%         50%       97.5% Rhat n.eff
B.win[1]     0.02143401 0.492240281 -0.99395934  0.01894037  0.97423657 1.00  1929
B.win[2]    -0.06683913 0.453709483 -0.98754533 -0.05480009  0.77513188 1.00   985
B.win[3]    -0.48942962 0.386552316 -1.28756408 -0.47546653  0.24412457 1.00   789
B.win[4]    -0.21893850 0.348738988 -0.93941152 -0.20704999  0.44480282 1.01   471
B.win[5]    -0.36483594 0.349057557 -1.06817424 -0.35557892  0.30580187 1.01   454
mean.M       0.04177318 0.005001254  0.03269925  0.04150695  0.05222822 1.00  2868
mean.Pi[1]   0.79934842 0.122329560  0.51384485  0.82038175  0.97223745 1.00 15000
mean.Pi[2]   0.95515322 0.030314999  0.88165286  0.96124201  0.99446649 1.01  2374
mean.Pi[3]   0.96219467 0.025134931  0.90150643  0.96663032  0.99527462 1.01  2210
mean.Pi[4]   0.97356738 0.018258290  0.92725507  0.97744467  0.99666260 1.00  2250
mean.Pi[5]   0.96613251 0.019482222  0.91856596  0.96950314  0.99322520 1.00  2363
mean.Pi[6]   0.97850366 0.014672209  0.94224740  0.98156861  0.99728066 1.00  2263
mean.Pi[7]   0.97582332 0.016669099  0.93494701  0.97932339  0.99699325 1.00  2156
mean.Pi[8]   0.97696513 0.015966148  0.93590534  0.98059887  0.99710469 1.02  2079
mean.Pi[9]   0.97201464 0.019376695  0.92159794  0.97590269  0.99654077 1.01  2070
mean.Pi[10]  0.97494455 0.016949936  0.93307571  0.97851382  0.99716370 1.00  2269
mean.Pi[11]  0.97851704 0.014744379  0.94238773  0.98165639  0.99736142 1.00  2083
mean.Pi[12]  0.98090920 0.013014727  0.94830059  0.98366979  0.99761002 1.00  2291
mean.Pi[13]  0.98048505 0.013525657  0.94768686  0.98339192  0.99749172 1.00  2183
mean.Pi[14]  0.97615361 0.016823810  0.93352072  0.97982113  0.99687974 1.01  1659
mean.Pi[15]  0.97962135 0.014096222  0.94408704  0.98283873  0.99755556 1.00  2236
mean.Pi[16]  0.97239861 0.015649118  0.93534167  0.97468229  0.99497294 1.00  1916
mean.Pi[17]  0.95178708 0.023637753  0.89873987  0.95439407  0.98913472 1.00  1447
mean.Po[1]   0.49954425 0.168276175  0.18418318  0.49929067  0.81562785 1.00 15000
mean.Po[2]   0.49784750 0.166607124  0.17652315  0.49979236  0.81186267 1.00  3526
mean.Po[3]   0.39002402 0.132104483  0.15539158  0.38354356  0.65729095 1.00  3482
mean.Po[4]   0.31428455 0.114092158  0.12013651  0.30574673  0.56024746 1.00  3247
mean.Po[5]   0.29382749 0.107389116  0.11214230  0.28439896  0.52622767 1.00  3422
mean.Po[6]   0.25011676 0.094256130  0.08940830  0.24280547  0.45364964 1.00  3567
mean.Po[7]   0.17346725 0.077858950  0.05190816  0.16331580  0.34988130 1.00  3111
mean.Po[8]   0.20282712 0.082025515  0.06837385  0.19500292  0.38603171 1.00  3162
mean.Po[9]   0.16660186 0.066638763  0.05941652  0.15956656  0.31534222 1.00  3208
mean.Po[10]  0.19488747 0.065197002  0.08601666  0.18884970  0.33828472 1.00  3469
mean.Po[11]  0.15627543 0.057518025  0.06130769  0.15056787  0.28365900 1.00  3070
mean.Po[12]  0.17205990 0.058557276  0.07589505  0.16581772  0.29998847 1.00  3207
mean.Po[13]  0.08438589 0.040729062  0.02497199  0.07700743  0.18303049 1.00  2745
mean.Po[14]  0.06454901 0.031829955  0.01808636  0.05981706  0.13963008 1.00  2645
mean.Po[15]  0.06127983 0.028396532  0.01759417  0.05701493  0.12609116 1.00  2994
mean.Po[16]  0.05377101 0.025457251  0.01515639  0.05041428  0.11173467 1.01  3053
mean.Po[17]  0.06491179 0.027883758  0.02143796  0.06168409  0.13145720 1.00  2925
mean.R       0.23215323 0.035475785  0.16652807  0.23148085  0.30433988 1.00  3448
mean.rO[1]   0.50040702 0.167102247  0.18296348  0.50165571  0.82102316 1.00 15576
mean.rO[2]   0.50042502 0.168379822  0.16995145  0.50245546  0.81322080 1.00  3533
mean.rO[3]   0.71489126 0.115611918  0.46489997  0.72304680  0.91089449 1.00  3361
mean.rO[4]   0.73386960 0.108719512  0.49404451  0.74345905  0.91208478 1.00  3427
mean.rO[5]   0.74857539 0.106914791  0.50802358  0.76072650  0.92281181 1.00  3111
mean.rO[6]   0.63578468 0.138993811  0.34364743  0.64581094  0.87361714 1.00  3429
mean.rO[7]   0.84092709 0.072041164  0.67272443  0.85116202  0.95205241 1.00  3079
mean.rO[8]   0.63821821 0.140288113  0.34478093  0.64654178  0.88102222 1.00  3294
mean.rO[9]   0.78948900 0.090810464  0.58779093  0.80224873  0.93448318 1.00  3066
mean.rO[10]  0.80002705 0.086666129  0.60305358  0.81054180  0.93632996 1.00  3253
mean.rO[11]  0.66883070 0.128955952  0.39719153  0.67696221  0.89305731 1.00  3404
mean.rO[12]  0.63844477 0.138139171  0.34098251  0.64571243  0.87389769 1.00  3399
mean.rO[13]  0.75385054 0.102210868  0.53120908  0.76371323  0.92137473 1.00  3284
mean.rO[14]  0.50100944 0.165419820  0.18832132  0.50143264  0.82141242 1.00  3385
mean.rO[15]  0.77758948 0.094563262  0.56805127  0.78617743  0.93155698 1.00  3239
mean.rO[16]  0.60306157 0.149369852  0.30223548  0.60941084  0.86437423 1.01  3400
mean.rO[17]  0.37094306 0.158255156  0.10832156  0.35789788  0.71330977 1.00  2328
mean.rR[1]   0.50055286 0.166738088  0.18149297  0.50072078  0.81645235 1.00 15118
mean.rR[2]   0.55876499 0.156881428  0.24130148  0.56196552  0.84072164 1.00  3565
mean.rR[3]   0.49973445 0.168589494  0.18428099  0.50158472  0.81851224 1.00  3655
mean.rR[4]   0.55866085 0.157362152  0.25160034  0.56505119  0.84376364 1.00  3310
mean.rR[5]   0.55346488 0.153631874  0.25906115  0.55823120  0.83534622 1.00  3769
mean.rR[6]   0.63665062 0.137227840  0.34665423  0.64218113  0.87785943 1.00  3444
mean.rR[7]   0.55701666 0.159085207  0.24682636  0.56105828  0.85068900 1.00  3433
mean.rR[8]   0.56066228 0.154817310  0.24952388  0.56597618  0.84092237 1.00  3399
mean.rR[9]   0.71555162 0.116352541  0.46210719  0.72512277  0.90701046 1.01  3356
mean.rR[10]  0.69667935 0.120211497  0.43627125  0.70811621  0.90220770 1.00  3508
mean.rR[11]  0.63658885 0.139175728  0.34752065  0.64763105  0.87921576 1.00  3234
mean.rR[12]  0.55618343 0.159861072  0.23978741  0.55849370  0.84774575 1.00  3464
mean.rR[13]  0.50190726 0.165679850  0.17924430  0.50215081  0.81311495 1.00  3701
mean.rR[14]  0.66852765 0.130881556  0.39397254  0.67941420  0.89410484 1.00  3161
mean.rR[15]  0.60269789 0.147084138  0.29641526  0.60933307  0.86354927 1.00  3337
mean.rR[16]  0.55676643 0.155684469  0.24626572  0.55997676  0.83785999 1.00  3426
mean.rR[17]  0.45391166 0.164703305  0.16472532  0.44975870  0.77811404 1.00  3126
mu.juv       0.96899142 0.016141723  0.92921220  0.97211340  0.99091111 1.00  1635
mu.pre       0.93742188 0.020690511  0.88975558  0.93957933  0.97185730 1.03   641
mu.pri       0.97483756 0.010535924  0.94990348  0.97672727  0.98995441 1.01   594
mu.sen       0.79363464 0.050752894  0.67759965  0.79962571  0.87760180 1.04   445
mu.sub       0.97065556 0.012448047  0.94062337  0.97243464  0.98927875 1.01   974
sigma.phi    1.13511778 0.210467155  0.76470082  1.11728634  1.59517614 1.07   334
win[1]      -0.57400000 0.000000000 -0.57400000 -0.57400000 -0.57400000  NaN     0
win[2]       0.59000000 0.000000000  0.59000000  0.59000000  0.59000000  NaN     0
win[3]       0.84900000 0.000000000  0.84900000  0.84900000  0.84900000  NaN     0
win[4]       1.10800000 0.000000000  1.10800000  1.10800000  1.10800000  NaN     0
win[5]      -0.18600000 0.000000000 -0.18600000 -0.18600000 -0.18600000  NaN     0
win[6]      -1.22100000 0.000000000 -1.22100000 -1.22100000 -1.22100000  NaN     0
win[7]      -0.96200000 0.000000000 -0.96200000 -0.96200000 -0.96200000  NaN     0
win[8]      -0.18600000 0.000000000 -0.18600000 -0.18600000 -0.18600000  NaN     0
win[9]       2.01400000 0.000000000  2.01400000  2.01400000  2.01400000  NaN     0
win[10]     -0.18600000 0.000000000 -0.18600000 -0.18600000 -0.18600000  NaN     0
win[11]     -0.70400000 0.000000000 -0.70400000 -0.70400000 -0.70400000  NaN     0
win[12]      0.07300000 0.000000000  0.07300000  0.07300000  0.07300000  NaN     0
win[13]      0.46100000 0.000000000  0.46100000  0.46100000  0.46100000  NaN     0
win[14]      0.46100000 0.000000000  0.46100000  0.46100000  0.46100000  NaN     0
win[15]      0.59000000 0.000000000  0.59000000  0.59000000  0.59000000  NaN     0
win[16]     -2.12700000 0.000000000 -2.12700000 -2.12700000 -2.12700000  NaN     0
win[17]     -0.01372781 1.004739863 -2.00872779 -0.01084724  1.93198121 1.00 15349
