Information and diagnostics 
=========================== 
Total iter:                       5000 
Thin:                             1 
Num chains:                       3 
Max Rhat:                         1.04 
Min n.eff:                        0 


Model summary 
============= 
                    mean          sd        2.5%          50%       97.5% Rhat
B.veg       -0.280932430 0.484691725 -1.31394044 -0.266075116  0.66257142 1.03
mean.M       0.041953595 0.004920823  0.03265269  0.041716849  0.05212179 1.00
mean.Pi[1]   0.800616197 0.118312316  0.53001408  0.819009736  0.97047143 1.00
mean.Pi[2]   0.955051367 0.030317185  0.87856583  0.961061222  0.99402895 1.00
mean.Pi[3]   0.961112069 0.026156177  0.89711743  0.966477170  0.99513276 1.00
mean.Pi[4]   0.973083858 0.018428312  0.92727350  0.977296848  0.99659860 1.01
mean.Pi[5]   0.965439656 0.020690778  0.91527812  0.969110234  0.99354836 1.00
mean.Pi[6]   0.978923515 0.014301152  0.94323314  0.982049492  0.99746249 1.00
mean.Pi[7]   0.975517735 0.017013803  0.93331177  0.979021577  0.99679477 1.02
mean.Pi[8]   0.976111348 0.016763636  0.93421940  0.979633022  0.99696641 1.01
mean.Pi[9]   0.972332037 0.020001570  0.92313237  0.976699267  0.99676943 1.03
mean.Pi[10]  0.975275161 0.017182036  0.93179377  0.979151191  0.99663036 1.00
mean.Pi[11]  0.978248253 0.015375208  0.93887274  0.981615809  0.99741216 1.01
mean.Pi[12]  0.981077104 0.013101445  0.94760230  0.984148176  0.99760819 1.01
mean.Pi[13]  0.980823625 0.013426637  0.94799973  0.983706253  0.99753831 1.01
mean.Pi[14]  0.976521866 0.016173491  0.93495174  0.980188426  0.99705028 1.00
mean.Pi[15]  0.979076462 0.014693899  0.94114668  0.982360866  0.99760767 1.00
mean.Pi[16]  0.973218429 0.015751668  0.93417186  0.976061241  0.99496167 1.00
mean.Pi[17]  0.947532305 0.023953019  0.89496501  0.950477041  0.98655840 1.00
mean.Po[1]   0.497808070 0.166225993  0.18086585  0.499431559  0.81199796 1.00
mean.Po[2]   0.499350502 0.167702931  0.18066029  0.500669370  0.81681781 1.00
mean.Po[3]   0.396666230 0.132300145  0.15822353  0.391509740  0.66687435 1.00
mean.Po[4]   0.317375582 0.114263792  0.11427424  0.310777096  0.55571035 1.00
mean.Po[5]   0.292917478 0.108115745  0.10617526  0.284341758  0.52385056 1.00
mean.Po[6]   0.252849950 0.094448038  0.09450351  0.242531720  0.46069306 1.00
mean.Po[7]   0.178244681 0.078698943  0.05481431  0.166987798  0.35669776 1.00
mean.Po[8]   0.198502563 0.078395527  0.06690822  0.191381599  0.37043728 1.00
mean.Po[9]   0.166358789 0.066316754  0.05875248  0.159597317  0.31567388 1.00
mean.Po[10]  0.195262103 0.064702842  0.08579184  0.189316626  0.33648689 1.00
mean.Po[11]  0.158349575 0.058992972  0.06059974  0.153743493  0.29093946 1.00
mean.Po[12]  0.169234696 0.056467957  0.07539079  0.163880966  0.29440452 1.00
mean.Po[13]  0.084441229 0.039509045  0.02404333  0.078712919  0.17186463 1.00
mean.Po[14]  0.066230174 0.032206988  0.01821446  0.060776037  0.14380881 1.01
mean.Po[15]  0.061881286 0.030526177  0.01672456  0.057518538  0.13290428 1.00
mean.Po[16]  0.055314485 0.026550639  0.01549988  0.051325381  0.11746282 1.00
mean.Po[17]  0.063987429 0.026938149  0.02191392  0.060715955  0.12536307 1.00
mean.R       0.232305130 0.035740961  0.16433414  0.231195405  0.30383036 1.00
mean.rO[1]   0.501487302 0.166610838  0.18555300  0.502343511  0.81917167 1.00
mean.rO[2]   0.502436899 0.167200444  0.18011054  0.500991028  0.81933378 1.00
mean.rO[3]   0.714765398 0.116384407  0.46690752  0.725964630  0.91172518 1.00
mean.rO[4]   0.731521219 0.111773118  0.48860067  0.743490792  0.91436827 1.00
mean.rO[5]   0.747771893 0.103073897  0.52189484  0.757035650  0.91618890 1.00
mean.rO[6]   0.635329776 0.140095904  0.33633875  0.645511925  0.87980504 1.00
mean.rO[7]   0.837510899 0.074264000  0.67064595  0.846657656  0.95453751 1.00
mean.rO[8]   0.636709104 0.138373866  0.34582788  0.646555052  0.87392914 1.00
mean.rO[9]   0.789326306 0.090300317  0.58851582  0.799037414  0.93642023 1.00
mean.rO[10]  0.800310643 0.088524246  0.60329981  0.811717047  0.94163738 1.00
mean.rO[11]  0.664679168 0.133394998  0.38211317  0.670469666  0.89004546 1.01
mean.rO[12]  0.638344100 0.137326119  0.35362732  0.648667444  0.87612496 1.00
mean.rO[13]  0.753122321 0.105429367  0.51931606  0.763046144  0.92473924 1.00
mean.rO[14]  0.501820248 0.167255954  0.18676684  0.501546517  0.81857821 1.00
mean.rO[15]  0.776994455 0.095971066  0.56238958  0.787848649  0.93104923 1.00
mean.rO[16]  0.603007535 0.147517628  0.30346531  0.606942393  0.86888349 1.00
mean.rO[17]  0.430512104 0.167960477  0.13388423  0.423356672  0.77539333 1.00
mean.rR[1]   0.500936905 0.166285755  0.18391101  0.501278037  0.81514093 1.00
mean.rR[2]   0.557164790 0.158221595  0.23821478  0.562627303  0.84630158 1.00
mean.rR[3]   0.496440424 0.163818233  0.18172165  0.494973607  0.81300406 1.00
mean.rR[4]   0.557389148 0.155127093  0.25368411  0.559705503  0.84131077 1.00
mean.rR[5]   0.552492879 0.154269632  0.24694034  0.555088567  0.83589660 1.00
mean.rR[6]   0.636258432 0.138597804  0.34796170  0.646891616  0.87678599 1.00
mean.rR[7]   0.556452541 0.157851888  0.24524728  0.567456454  0.84551946 1.00
mean.rR[8]   0.555687961 0.157167818  0.24420766  0.560542474  0.84312148 1.00
mean.rR[9]   0.715636876 0.115973868  0.46330286  0.726973149  0.90804316 1.00
mean.rR[10]  0.692311770 0.123046072  0.43252906  0.700139398  0.90103176 1.00
mean.rR[11]  0.638416581 0.140097667  0.34449104  0.647751329  0.88215597 1.00
mean.rR[12]  0.555849221 0.154218032  0.24896523  0.561657897  0.83932984 1.00
mean.rR[13]  0.501516279 0.165667073  0.18492533  0.502025397  0.81960854 1.00
mean.rR[14]  0.664663887 0.132428322  0.39297670  0.672577637  0.89076974 1.00
mean.rR[15]  0.596878618 0.147884257  0.29821718  0.601181918  0.86459710 1.00
mean.rR[16]  0.557316177 0.156783386  0.24710422  0.561521518  0.84488660 1.00
mean.rR[17]  0.480430057 0.165136977  0.17303435  0.475988817  0.80237629 1.00
mu.juv       0.916249609 0.049269234  0.78986852  0.926988810  0.97833172 1.01
mu.pre       0.824374000 0.073990423  0.63975670  0.838369895  0.92538406 1.03
mu.pri       0.931190782 0.036324189  0.83872702  0.939705387  0.97501320 1.02
mu.sen       0.569784782 0.119260138  0.31023231  0.576738168  0.76533385 1.04
mu.sub       0.901748918 0.049558721  0.77962337  0.912727261  0.96442804 1.03
sigma.phi    1.828845265 0.642402642  0.85683951  1.741266719  3.33542149 1.03
veg[1]      -0.162496123 1.002649956 -2.15610554 -0.165602547  1.78595288 1.01
veg[2]       1.786000000 0.000000000  1.78600000  1.786000000  1.78600000  NaN
veg[3]       2.190000000 0.000000000  2.19000000  2.190000000  2.19000000  NaN
veg[4]       1.651000000 0.000000000  1.65100000  1.651000000  1.65100000  NaN
veg[5]      -0.549000000 0.000000000 -0.54900000 -0.549000000 -0.54900000  NaN
veg[6]      -0.447000000 0.000000000 -0.44700000 -0.447000000 -0.44700000  NaN
veg[7]      -0.953000000 0.000000000 -0.95300000 -0.953000000 -0.95300000  NaN
veg[8]      -0.518000000 0.000000000 -0.51800000 -0.518000000 -0.51800000  NaN
veg[9]      -0.537000000 0.000000000 -0.53700000 -0.537000000 -0.53700000  NaN
veg[10]     -0.664000000 0.000000000 -0.66400000 -0.664000000 -0.66400000  NaN
veg[11]     -0.509000000 0.000000000 -0.50900000 -0.509000000 -0.50900000  NaN
veg[12]     -0.377000000 0.000000000 -0.37700000 -0.377000000 -0.37700000  NaN
veg[13]      0.075000000 0.000000000  0.07500000  0.075000000  0.07500000  NaN
veg[14]     -0.243000000 0.000000000 -0.24300000 -0.243000000 -0.24300000  NaN
veg[15]     -0.510000000 0.000000000 -0.51000000 -0.510000000 -0.51000000  NaN
veg[16]     -0.394000000 0.000000000 -0.39400000 -0.394000000 -0.39400000  NaN
veg[17]     -0.007624843 0.989937961 -1.96646401  0.007440251  1.93326658 1.00
            n.eff
B.veg          86
mean.M       3062
mean.Pi[1]  15000
mean.Pi[2]   2398
mean.Pi[3]   2128
mean.Pi[4]   2098
mean.Pi[5]   2109
mean.Pi[6]   2293
mean.Pi[7]   2204
mean.Pi[8]   1921
mean.Pi[9]   1914
mean.Pi[10]  2046
mean.Pi[11]  2019
mean.Pi[12]  2295
mean.Pi[13]  2121
mean.Pi[14]  2123
mean.Pi[15]  1996
mean.Pi[16]  2025
mean.Pi[17]  1612
mean.Po[1]  15000
mean.Po[2]   3548
mean.Po[3]   3366
mean.Po[4]   3346
mean.Po[5]   3392
mean.Po[6]   3287
mean.Po[7]   2946
mean.Po[8]   3499
mean.Po[9]   3086
mean.Po[10]  3447
mean.Po[11]  3186
mean.Po[12]  3167
mean.Po[13]  2749
mean.Po[14]  2677
mean.Po[15]  2714
mean.Po[16]  2557
mean.Po[17]  3122
mean.R       3467
mean.rO[1]  14290
mean.rO[2]   3633
mean.rO[3]   3226
mean.rO[4]   3414
mean.rO[5]   3164
mean.rO[6]   3241
mean.rO[7]   2986
mean.rO[8]   3496
mean.rO[9]   3262
mean.rO[10]  3068
mean.rO[11]  3434
mean.rO[12]  3391
mean.rO[13]  2873
mean.rO[14]  3539
mean.rO[15]  3242
mean.rO[16]  3524
mean.rO[17]  2456
mean.rR[1]  14263
mean.rR[2]   3787
mean.rR[3]   3663
mean.rR[4]   3501
mean.rR[5]   3336
mean.rR[6]   3433
mean.rR[7]   3480
mean.rR[8]   3555
mean.rR[9]   3354
mean.rR[10]  3319
mean.rR[11]  3391
mean.rR[12]  3845
mean.rR[13]  3539
mean.rR[14]  3333
mean.rR[15]  3604
mean.rR[16]  3437
mean.rR[17]  3403
mu.juv        177
mu.pre         78
mu.pri         77
mu.sen         59
mu.sub         86
sigma.phi     102
veg[1]       1910
veg[2]          0
veg[3]          0
veg[4]          0
veg[5]          0
veg[6]          0
veg[7]          0
veg[8]          0
veg[9]          0
veg[10]         0
veg[11]         0
veg[12]         0
veg[13]         0
veg[14]         0
veg[15]         0
veg[16]         0
veg[17]     14931
