Information and diagnostics 
=========================== 
Total iter:                       5000 
Thin:                             1 
Num chains:                       3 
Max Rhat:                         1.04 
Min n.eff:                        0 


Model summary 
============= 
                    mean          sd        2.5%          50%       97.5% Rhat n.eff
B.veg[1]     0.905976818 0.592650873 -0.02477543  0.847037113  2.20880577 1.00  1389
B.veg[2]    -0.056145177 0.105385447 -0.25808694 -0.061224642  0.16586729 1.00  1019
B.veg[3]    -0.007416462 0.087136239 -0.17619932 -0.008331961  0.16987125 1.00   472
B.veg[4]     0.613058834 0.406310761  0.01291895  0.547915147  1.54235253 1.01   561
B.veg[5]     0.059987813 0.109673044 -0.13983590  0.053511661  0.29850164 1.01  1014
mean.M       0.041733744 0.004934135  0.03265068  0.041609701  0.05190856 1.00  3375
mean.Pi[1]   0.799125062 0.121552805  0.51177740  0.820361334  0.97277627 1.00 14705
mean.Pi[2]   0.954234140 0.032144528  0.87549431  0.961265162  0.99516425 1.01  2149
mean.Pi[3]   0.960745981 0.026946119  0.89513724  0.966812974  0.99491448 1.00  2074
mean.Pi[4]   0.973052832 0.019102728  0.92462807  0.977299885  0.99681748 1.01  1748
mean.Pi[5]   0.966305793 0.019784849  0.91815599  0.969881292  0.99341497 1.01  2397
mean.Pi[6]   0.978894345 0.014728201  0.94138518  0.982108504  0.99769018 1.00  2057
mean.Pi[7]   0.975415081 0.016931052  0.93340551  0.979185670  0.99704248 1.01  2058
mean.Pi[8]   0.976972168 0.015756463  0.93842420  0.980194047  0.99733586 1.01  2191
mean.Pi[9]   0.973090097 0.018157480  0.92598539  0.977190116  0.99643871 1.00  2379
mean.Pi[10]  0.974623723 0.017623900  0.92917158  0.978670482  0.99677592 1.00  1905
mean.Pi[11]  0.977595851 0.015811802  0.93852084  0.981060006  0.99707922 1.01  1899
mean.Pi[12]  0.980720792 0.013238867  0.94687505  0.983740940  0.99769351 1.01  2365
mean.Pi[13]  0.980159661 0.013793378  0.94487984  0.983337711  0.99750541 1.00  1994
mean.Pi[14]  0.976515066 0.016376436  0.93478463  0.980101363  0.99734329 1.02  1912
mean.Pi[15]  0.979495821 0.014122695  0.94434052  0.982719944  0.99736750 1.00  1966
mean.Pi[16]  0.972706664 0.015603244  0.93539778  0.975419099  0.99524161 1.00  2136
mean.Pi[17]  0.955201354 0.023117338  0.90229083  0.958258560  0.99159148 1.00  1399
mean.Po[1]   0.500652569 0.167508754  0.18447761  0.501918282  0.81897588 1.00 15408
mean.Po[2]   0.499468307 0.167715134  0.18196683  0.499777758  0.82289171 1.00  3523
mean.Po[3]   0.395392995 0.131655158  0.15341136  0.389412841  0.66285011 1.00  3349
mean.Po[4]   0.315648971 0.116497558  0.11682527  0.308862002  0.56020104 1.00  3138
mean.Po[5]   0.294413231 0.105067346  0.11214413  0.287382946  0.51482799 1.00  3351
mean.Po[6]   0.251953982 0.095141244  0.09074486  0.244402948  0.45910681 1.00  3181
mean.Po[7]   0.173323530 0.077233420  0.05259109  0.163506121  0.34696902 1.00  3300
mean.Po[8]   0.201624385 0.080773033  0.07219498  0.192786802  0.38447389 1.00  3116
mean.Po[9]   0.165871830 0.067703417  0.06057810  0.157949464  0.32015245 1.00  3237
mean.Po[10]  0.195509197 0.065159883  0.08613988  0.190179669  0.34090730 1.01  3309
mean.Po[11]  0.158662296 0.057603948  0.06237185  0.152197013  0.28367033 1.00  3211
mean.Po[12]  0.170395176 0.057874253  0.07167150  0.165228280  0.29837407 1.00  3521
mean.Po[13]  0.084769272 0.040204707  0.02382081  0.078779646  0.17754251 1.00  2884
mean.Po[14]  0.064543295 0.030737837  0.01743748  0.060390872  0.13444760 1.01  3066
mean.Po[15]  0.062186163 0.029883207  0.01771847  0.057481679  0.13191413 1.00  2861
mean.Po[16]  0.054018736 0.026823277  0.01523922  0.049568956  0.11718593 1.01  2835
mean.Po[17]  0.066028597 0.029277731  0.02161517  0.061908886  0.13379355 1.01  2789
mean.R       0.232360553 0.036767211  0.16503307  0.230671255  0.30858782 1.00  3297
mean.rO[1]   0.500693773 0.166303973  0.18044559  0.500746889  0.81351491 1.00 15256
mean.rO[2]   0.497656967 0.164322390  0.18671009  0.496629927  0.81216139 1.00  3548
mean.rO[3]   0.715397887 0.118141270  0.46193883  0.726663463  0.90975482 1.00  3135
mean.rO[4]   0.734364335 0.109771036  0.50428483  0.743727668  0.92002505 1.00  3290
mean.rO[5]   0.749460139 0.105307540  0.52346527  0.759544770  0.92495097 1.00  3317
mean.rO[6]   0.634242070 0.140637315  0.34608481  0.641256454  0.87886673 1.00  3481
mean.rO[7]   0.838686106 0.072210586  0.67995769  0.846114089  0.95154808 1.00  3032
mean.rO[8]   0.633792505 0.140918066  0.34392995  0.643829189  0.87682990 1.00  3225
mean.rO[9]   0.789246493 0.091714284  0.58712099  0.799725007  0.93522889 1.00  3185
mean.rO[10]  0.798824955 0.088094339  0.60469107  0.808694871  0.93464105 1.00  3092
mean.rO[11]  0.667649829 0.130207747  0.38789910  0.679601326  0.88772450 1.00  3429
mean.rO[12]  0.636209150 0.139264683  0.35294690  0.645122008  0.88040418 1.00  3349
mean.rO[13]  0.749621593 0.106732919  0.51554417  0.761197246  0.92084568 1.00  3205
mean.rO[14]  0.495453115 0.166687013  0.17834962  0.495256496  0.80696117 1.00  3665
mean.rO[15]  0.776663007 0.094888834  0.56543794  0.785572105  0.93127948 1.00  3089
mean.rO[16]  0.604375662 0.147007971  0.30516911  0.610620992  0.87095442 1.00  3577
mean.rO[17]  0.342376990 0.155685504  0.09332535  0.323784213  0.68992994 1.01  1735
mean.rR[1]   0.500079582 0.166711540  0.18360046  0.497809452  0.81599789 1.00 15212
mean.rR[2]   0.557441034 0.155351227  0.25395922  0.562725170  0.84012916 1.00  3380
mean.rR[3]   0.506513993 0.164474992  0.18415318  0.509630790  0.81812525 1.00  3651
mean.rR[4]   0.555040889 0.153831890  0.25241200  0.556837794  0.82903709 1.00  3568
mean.rR[5]   0.554351775 0.155467132  0.24616432  0.558854785  0.83403185 1.00  3639
mean.rR[6]   0.638641457 0.138577603  0.35315465  0.648574274  0.87946567 1.00  3269
mean.rR[7]   0.556635550 0.158429809  0.24675507  0.561919912  0.84193339 1.00  3275
mean.rR[8]   0.560062688 0.155789617  0.25013181  0.564249782  0.84966047 1.00  3662
mean.rR[9]   0.715883138 0.113113075  0.47582175  0.725353005  0.90983328 1.00  3706
mean.rR[10]  0.694795995 0.124631636  0.42987252  0.703596394  0.90441427 1.00  3169
mean.rR[11]  0.636030357 0.136271949  0.35248553  0.644480501  0.87938839 1.00  3407
mean.rR[12]  0.555329206 0.155380704  0.24393251  0.562386239  0.83550244 1.00  3544
mean.rR[13]  0.503331447 0.166924893  0.18496581  0.503353913  0.81518164 1.00  3396
mean.rR[14]  0.668625222 0.131436013  0.39558855  0.676075456  0.88997620 1.00  3321
mean.rR[15]  0.596452347 0.149374731  0.29087141  0.602590840  0.85891890 1.00  3441
mean.rR[16]  0.552809643 0.157079984  0.24202199  0.554260713  0.83571391 1.00  3595
mean.rR[17]  0.441444807 0.166100560  0.15118221  0.432997681  0.77336352 1.00  2841
mu.juv       0.946713401 0.033663349  0.86264354  0.954182971  0.98694453 1.01   773
mu.pre       0.911730243 0.035047185  0.83187894  0.916470916  0.96814787 1.02   442
mu.pri       0.972869477 0.012723971  0.94302788  0.974815495  0.98953065 1.04   499
mu.sen       0.776289703 0.057455170  0.64883087  0.783704541  0.86892478 1.01   443
mu.sub       0.973033904 0.013048730  0.94107868  0.975344949  0.99106193 1.01   764
sigma.phi    1.187543545 0.246409228  0.79859028  1.158123179  1.73337071 1.01   224
veg[1]       0.498378168 0.886614197 -1.25025697  0.510989969  2.23974765 1.00  2689
veg[2]       1.786000000 0.000000000  1.78600000  1.786000000  1.78600000  NaN     0
veg[3]       2.190000000 0.000000000  2.19000000  2.190000000  2.19000000  NaN     0
veg[4]       1.651000000 0.000000000  1.65100000  1.651000000  1.65100000  NaN     0
veg[5]      -0.549000000 0.000000000 -0.54900000 -0.549000000 -0.54900000  NaN     0
veg[6]      -0.447000000 0.000000000 -0.44700000 -0.447000000 -0.44700000  NaN     0
veg[7]      -0.953000000 0.000000000 -0.95300000 -0.953000000 -0.95300000  NaN     0
veg[8]      -0.518000000 0.000000000 -0.51800000 -0.518000000 -0.51800000  NaN     0
veg[9]      -0.537000000 0.000000000 -0.53700000 -0.537000000 -0.53700000  NaN     0
veg[10]     -0.664000000 0.000000000 -0.66400000 -0.664000000 -0.66400000  NaN     0
veg[11]     -0.509000000 0.000000000 -0.50900000 -0.509000000 -0.50900000  NaN     0
veg[12]     -0.377000000 0.000000000 -0.37700000 -0.377000000 -0.37700000  NaN     0
veg[13]      0.075000000 0.000000000  0.07500000  0.075000000  0.07500000  NaN     0
veg[14]     -0.243000000 0.000000000 -0.24300000 -0.243000000 -0.24300000  NaN     0
veg[15]     -0.510000000 0.000000000 -0.51000000 -0.510000000 -0.51000000  NaN     0
veg[16]     -0.394000000 0.000000000 -0.39400000 -0.394000000 -0.39400000  NaN     0
veg[17]     -0.004663592 0.998683443 -1.97168932  0.001511570  1.96607645 1.00 15257
